1332004 5261700 15485917
3509167 885262 15485927
3671673 3467623 15485933
1943982 5072946 15485941
5121144 12507252 15485959
5247955 2214251 15485989
941397 6513475 15485993
1255541 8192840 15486013
69847 2211455 15486041
4745117 2261684 15486047
4997627 5477516 15486059
4100022 4639936 15486071
736691 14052765 15486101
2526292 2152938 15486139
630525 14879157 15486157
1227363 1970877 15486173
4143191 914614 15486181
1517359 636096 15486193
4961571 4955765 15486209
492923 15087533 15486221
3022128 12889512 15486227
2045481 14873007 15486241
2313910 7995021 15486257
1567213 2405944 15486259
1952449 6240797 15486277
4841246 11264640 15486281
2202031 2009313 15486283
3723995 8332225 15486287
4999609 2326817 15486347
332514 11271234 15486421
1186357 6837239 15486433
4537626 9275538 15486437
3113521 14531429 15486451
2897655 3113379 15486469
285472 311054 15486481
5225999 5523019 15486487
5051078 4359681 15486491
1553759 2853251 15486511
4506759 13150735 15486517
183360 15147545 15486533
4961018 14546791 15486557
80193 12740975 15486571
3184620 2807919 15486589
975788 1473795 15486649
303505 13762325 15486671
158144 8318374 15486673
2074663 7757376 15486703
1157296 13576820 15486707
1017734 4263853 15486719
2255507 10016317 15486727
4945618 10423707 15486739
3726603 7756324 15486749
1596733 1183184 15486769
4479117 2489818 15486773
4507020 7789899 15486781
4513749 1934899 15486791
650592 6875316 15486803
1253890 5068089 15486827
300191 280929 15486833
1313500 8061932 15486857
2645325 9415662 15486869
4063613 12083405 15486871
2605991 7872402 15486883
4324701 4044227 15486893
4412714 5129816 15486907
1040206 14649703 15486917
2505459 3979126 15486929
191993 10119506 15486931
4068784 3515742 15486953
5123208 3716956 15486967
1749718 1300933 15486997
1493752 5569213 15487001
4045537 10091522 15487007
3177572 9969463 15487019
3235334 3988099 15487039
4655809 5710238 15487049
727122 9190983 15487061
3197565 13635466 15487067
953722 9809880 15487097
4595054 3427518 15487103
4174549 1804306 15487139
3047405 8823148 15487151
2047452 12220508 15487177
5439903 215413 15487237
4105312 3130032 15487243
1803677 10897125 15487249
832265 14843585 15487253
2738888 14894474 15487271
1749976 7710628 15487291
4872707 2491250 15487309
2684289 1211645 15487313
542302 8744175 15487319
203087 7361738 15487331
2093523 15089894 15487361
4894817 5611834 15487399
712012 531697 15487403
2149335 14803991 15487429
382409 4294078 15487457
1595957 8724295 15487469
4832993 9896907 15487471
1546315 12154577 15487517
1911626 14005012 15487531
3613488 29092 15487541
2805517 12926301 15487543
1189794 5639550 15487547
843995 9829450 15487583
1325286 2968042 15487609
3960333 3014832 15487621
4869872 2197738 15487639
2149843 1753771 15487649
1731317 5831720 15487721
2748444 13150675 15487733
1102831 7324316 15487739
5473635 3436494 15487751
429243 9570915 15487789
2736250 640998 15487811
4683248 13649047 15487841
1274952 7044581 15487859
4624810 6025437 15487861
2025102 14764767 15487889
5425861 5771793 15487897
986212 7691470 15487903
2900076 1728708 15487909
5479360 13945334 15487931
4776143 12857153 15487933
2503357 2305754 15487937
3439709 11494373 15487939
3936323 2370045 15487951
4095701 10609886 15487973
4525135 6638140 15487981
5440582 12566949 15487991
285819 3984949 15488009
2889375 690353 15488017
142800 1948228 15488023
543603 496883 15488027
702938 15240712 15488063
4355678 1023722 15488093
3279923 5043060 15488107
2011867 5667437 15488113
467924 14130107 15488129
5039734 2004717 15488141
1976373 6916347 15488147
3947138 3402928 15488167
2077535 4624373 15488197
1342242 3605337 15488203
10562 11234882 15488219
1237453 14175062 15488227
3545550 14171895 15488257
4471423 409649 15488279
1961609 13531134 15488293
2501944 2612362 15488321
4477915 5539102 15488383
1695469 4008833 15488387
1805592 3827648 15488393
1835961 14365461 15488413
5281647 3881073 15488441
1490771 15251228 15488467
4788960 10168464 15488491
887911 13667858 15488497
3464455 3606526 15488509
1803868 13259351 15488527
865924 15316417 15488531
1987284 596501 15488537
4220983 263124 15488549
3686035 7714082 15488563
1996563 532771 15488569
1268867 4571607 15488617
3837805 5256411 15488647
2604425 11195869 15488651
1421417 14157773 15488657
4067833 850264 15488659
753127 12314221 15488677
1451249 10446158 15488687
283301 1695101 15488689
942577 8043186 15488723
2665681 5212642 15488771
5360045 1837214 15488777
155084 15430987 15488783
5074438 6322662 15488789
4178729 7351316 15488801
4062649 9653968 15488807
2340802 11103733 15488827
5394267 6092840 15488833
2615002 7008726 15488881
3160584 4181454 15488899
2375216 3242524 15488917
5257808 6803010 15488923
2814712 11687056 15488951
3997512 13718411 15488953
2187590 7649772 15488981
2885392 693926 15488983
3388603 6121610 15489013
724139 9174805 15489029
1562801 14667703 15489031
2117661 5110769 15489043
1707892 4019768 15489053
2425814 2202100 15489077
4386667 12458877 15489079
1798120 3258081 15489107
1131763 10711656 15489113
158217 9130065 15489121
5470280 5060245 15489151
1429211 12416729 15489191
1167855 6684140 15489203
2760902 7317138 15489223
1361294 581017 15489233
243529 13436339 15489247
3314870 10708215 15489263
80535 6119288 15489269
630888 6121393 15489283
3089705 9414603 15489307
1685618 13711128 15489317
3877728 9164545 15489319
1191407 3198902 15489323
5254327 4648981 15489337
2269617 4505705 15489343
2093133 10897044 15489361
3283177 10869560 15489433
1948210 15233733 15489443
3596455 10120058 15489457
602932 10754853 15489469
299446 10027986 15489473
2647310 3917277 15489479
2768311 13521251 15489493
4273852 9505984 15489497
4332480 13792631 15489521
3443180 10552912 15489559
2810550 14390977 15489581
1555053 13096954 15489583
1566932 11049019 15489587
3725343 3897327 15489599
4356969 14008306 15489611
2328115 4264191 15489623
1123978 10892851 15489629
596445 4408826 15489637
2320379 9709851 15489653
5129684 528984 15489671
4898037 13581778 15489679
1246704 4484406 15489689
574632 4996741 15489697
5095354 7295259 15489707
2545970 9846061 15489713
5033736 211949 15489763
5451629 15296334 15489781
1474746 997776 15489811
4326750 6841302 15489821
692011 8865609 15489823
485553 10554600 15489869
1454787 7116420 15489871
4712200 2280851 15489893
4441797 11797018 15489899
1654099 747840 15489917
2044813 13927032 15489937
2435650 12921520 15489949
3574924 5715968 15489953
618111 6116191 15489979
2635132 3735622 15490001
584534 15442534 15490003
468751 3504754 15490039
2153485 14349212 15490081
1102958 6723300 15490093
3595806 12828022 15490103
2142149 15321009 15490127
1809600 13831906 15490129
1032540 3139787 15490133
5378241 1766061 15490159
2805046 10723132 15490171
5148778 5219424 15490193
1963328 13461424 15490217
656592 1631567 15490219
1601001 11192993 15490231
14955 3944870 15490243
4935514 9564451 15490261
4373333 2419927 15490289
4300324 7877099 15490303
1253571 6092678 15490313
414812 6922859 15490327
273152 8438418 15490331
5387712 2343192 15490337
1522631 13456308 15490351
2114932 3436242 15490367
1178591 9195674 15490393
2058046 12407213 15490429
1990597 14677851 15490459
3205776 15375880 15490507
1405915 12556135 15490547
3907186 6378988 15490549
834761 7272261 15490597
2337699 15366337 15490613
1721753 2595310 15490639
27673 747481 15490663
1643436 10559629 15490691
2420325 13526418 15490693
4486855 9603732 15490697
5296424 4020604 15490747
3934329 288603 15490751
3585122 10090471 15490763
3494705 7408465 15490771
5261049 5346002 15490781
3935373 7731036 15490801
3443256 12013826 15490823
3815191 8371269 15490829
4323730 5133322 15490841
1962601 2427775 15490847
5249612 10781241 15490861
807755 14746668 15490883
2651558 1636832 15490897
1238253 14477611 15490919
2051503 5453902 15490921
1940941 2997196 15490957
5415685 8062736 15490973
3898868 12860572 15490991
1407448 3859162 15491027
1110445 12021819 15491039
409528 3965636 15491053
1042313 11017230 15491093
1918373 7008626 15491107
1612659 12038527 15491117
3163759 11037141 15491129
3530282 1909839 15491149
77105 162475 15491171
3919510 2909180 15491183
2125785 6315396 15491207
789456 13939927 15491219
1711652 2261562 15491237
509658 8003828 15491243
2277313 3217601 15491269
4571513 4809395 15491291
2804630 4497854 15491297
32766 3505423 15491299
1641039 242970 15491321
4451606 1308593 15491323
1971022 9656676 15491363
2049842 15421376 15491383
5300954 14900214 15491387
1293794 15129355 15491389
1437131 4312664 15491393
178059 810064 15491401
611283 2634464 15491447
2930667 6016131 15491459
4382896 11710527 15491461
2184969 9359366 15491467
5044730 8723737 15491477
1677142 6095151 15491491
2168558 12091972 15491501
3220283 13574633 15491519
4538867 10114541 15491521
1779201 12678838 15491533
507803 11320732 15491551
3009032 11260413 15491557
2619595 11608109 15491591
4399923 9916968 15491603
1397786 11331329 15491617
3200933 5745083 15491639
4560054 13866012 15491647
2889505 13738399 15491659
1412030 6198352 15491711
4388942 6616020 15491731
409960 918821 15491753
4579097 10825408 15491759
2749041 9450808 15491767
510689 5194013 15491797
1262237 10495615 15491803
3649756 661211 15491813
2491491 10026744 15491837
1129057 12845823 15491849
787568 8202469 15491851
5303640 14938694 15491881
3812269 1934631 15491893
2175961 11817203 15491923
4344749 11231765 15491933
882614 6962435 15491939
1007572 4846069 15492013
4858996 5249129 15492017
5460097 8524487 15492019
561769 4568260 15492023
3365798 9405959 15492031
2804771 13020545 15492067
3220320 333212 15492077
989312 5269914 15492101
1003499 8326296 15492121
5028364 7775950 15492143
731894 7601296 15492149
5273814 10346823 15492167
901460 14787888 15492173
2927510 9997262 15492193
5099485 2769282 15492221
5420476 13901367 15492229
3362296 9777945 15492241
1080782 14606779 15492247
4260465 10422745 15492259
920532 12982298 15492299
1278925 10374505 15492311
638798 3391642 15492313
1042726 3777122 15492419
1167452 5208585 15492437
3277867 10501810 15492439
4110692 11029952 15492551
1745174 4975371 15492553
11275 33002 15492557
461118 11691965 15492569
571706 4663739 15492613
1001832 1989667 15492623
2391758 13157413 15492647
4588449 7606743 15492649
5272831 10146764 15492667
3923636 11630825 15492679
4472005 12585851 15492683
2897092 4296145 15492707
4838656 10039346 15492709
4409887 10511393 15492713
2386801 13634528 15492721
190205 5922408 15492727
3217598 15219205 15492739
344015 13015702 15492761
2468886 3524608 15492767
2000925 535003 15492773
3879722 11147718 15492779
5441302 7200684 15492781
2527042 15145665 15492787
1089834 13054611 15492803
4840339 757035 15492811
585370 9897500 15492833
2516456 3861965 15492859
362087 13321178 15492881
514720 1577569 15492889
3041980 6242625 15492941
2272945 9716694 15492947
2563396 365688 15492949
3666453 5392759 15492959
341261 9091018 15492979
4286456 10327409 15492991
2725815 9149448 15493003
5112822 515432 15493019
1000621 2395151 15493021
1088648 11562399 15493073
3985043 7077909 15493081
5273857 3511595 15493109
4985783 11828518 15493183
4881001 5391802 15493217
5372279 11386021 15493249
603485 10945278 15493253
3395555 5850376 15493259
2066538 6197543 15493271
4769702 3035444 15493277
2298325 11924587 15493297
5190456 6345211 15493319
661262 13233062 15493321
1364155 3959229 15493333
1384317 12956255 15493349
1297558 4184651 15493351
677549 8188304 15493381
5310844 9766019 15493391
2145743 2431740 15493393
1269804 5332064 15493399
3595432 3779054 15493403
4598341 2211581 15493411
2292224 5224498 15493427
3032662 9086146 15493433
1610508 7983640 15493463
2273447 9513565 15493469
657330 4889266 15493483
3362053 2057205 15493507
1063912 2649182 15493529
3865283 14993803 15493537
4508231 1540916 15493553
1320974 5868058 15493561
3715082 3230310 15493567
1362667 562954 15493571
388453 8708676 15493589
5086346 4409894 15493601
5001731 13998310 15493603
770287 12543053 15493637
424486 2186781 15493661
3451911 1970299 15493711
1185371 2319614 15493727
336065 4114315 15493733
3399567 4942173 15493747
754547 1465615 15493757
2469255 14933901 15493771
3724376 11167213 15493799
834577 10110276 15493811
973713 8963533 15493823
963878 2124568 15493837
1571629 12884375 15493843
154950 2220392 15493871
3897755 13980330 15493901
582960 9519947 15493903
2906628 1893877 15493937
3752838 8147094 15493957
1443431 6898509 15493963
236550 3800387 15493997
4867367 869354 15493999
1411846 6240801 15494027
810201 4412200 15494029
930944 1396389 15494041
1515849 7961255 15494051
5216219 12520872 15494057
1659718 11468916 15494071
2059531 3645754 15494077
2427410 12703609 15494137
2201601 12462356 15494153
998452 3977882 15494197
4919261 6792817 15494209
675907 11186227 15494251
1092556 498955 15494257
2677260 772195 15494279
3891313 209356 15494299
82077 3361123 15494317
1892382 3343435 15494321
4388598 14520754 15494383
1254075 5449338 15494407
5450677 597985 15494411
2741125 11640129 15494431
5012035 2140703 15494461
1136008 8727413 15494467
942867 6445674 15494473
4715 1533642 15494503
5290795 10402875 15494509
2106693 6451093 15494539
5381726 375117 15494561
1557351 3730850 15494573
459493 9473110 15494579
4335573 14857593 15494587
1737028 9539293 15494623
3829589 1415612 15494627
3942514 6770120 15494653
1814428 12089727 15494681
1468400 3586410 15494693
825037 11065079 15494707
3863493 11047030 15494711
842568 15445797 15494771
4016787 5984005 15494783
3784883 5243754 15494789
1746523 5936997 15494797
1471729 3084417 15494807
4818214 14993579 15494813
722146 585618 15494821
1071064 6406371 15494849
3555400 12516787 15494863
4240036 8191135 15494891
209050 5858980 15494909
2514564 7766155 15494911
132465 8880345 15494917
4551103 12890235 15494929
2912583 14644816 15494933
3575966 9916936 15494951
2117946 12795733 15494977
4483974 361825 15495017
1973286 13923305 15495043
4439188 4360597 15495049
2246082 10904809 15495059
3832409 4955500 15495083
4630274 5663823 15495097
1255423 12438998 15495121
3251703 1075966 15495131
205199 2080625 15495173
1147006 9925581 15495191
5119624 15314632 15495197
4339396 15366643 15495209
376378 268340 15495223
2191658 10900401 15495283
2017874 6833206 15495287
5314697 3808374 15495299
2875384 12112422 15495323
1163715 9555149 15495343
2777186 7819346 15495349
5344995 11042925 15495373
4722929 1943020 15495377
2563250 11875715 15495401
5062742 14710190 15495407
5134996 1011905 15495409
3012478 8577785 15495413
3136628 9539116 15495421
2287668 10448663 15495433
960081 5062075 15495457
4547211 13044302 15495463
4878527 389393 15495479
1294003 11582595 15495481
3582550 13304757 15495511
1517364 1065494 15495547
3582756 7058148 15495569
551662 7541018 15495587
393904 15198153 15495589
2360781 8192444 15495607
1323098 14932551 15495611
4835570 4903480 15495617
2865306 4883159 15495631
4449015 3240272 15495643
2762168 10569998 15495661
224512 5657215 15495671
4917220 5059168 15495673
314966 8045274 15495677
28412 8278298 15495707
3788094 86828 15495709
3816626 15234045 15495719
3964961 8785892 15495731
158305 1106864 15495737
2048215 1946646 15495749
3328460 9304444 15495751
3263946 13657272 15495757
1833889 14691175 15495787
5454154 10295655 15495791
1357558 14301983 15495817
1519573 14598345 15495829
3815330 5393755 15495869
5459004 10672085 15495871
5228179 431383 15495881
4938162 5941834 15495919
880091 971551 15495941
2813440 4345870 15495943
4246228 13434906 15495973
1654547 229918 15495983
3690408 8328555 15495989
2384815 2011492 15496003
843323 7807525 15496009
1782234 1659063 15496031
4953269 3412295 15496037
4981959 5200724 15496049
2917598 3858763 15496067
4120779 15059537 15496069
1108499 13200727 15496093
405828 1634267 15496099
3712517 3431612 15496109
2774243 3729586 15496111
57915 11647879 15496123
1868891 15031072 15496133
1937664 8015426 15496139
1974065 1439438 15496171
2468716 2358691 15496177
1726678 9714039 15496199
1320868 12839758 15496219
2616076 15482149 15496241
2176015 1452116 15496253
1901479 572913 15496259
4727445 9571841 15496309
1739036 2881783 15496321
2596169 9962435 15496339
1333096 3037861 15496361
3683270 10364687 15496391
1250547 8902803 15496399
478391 3737127 15496423
1806372 14848644 15496433
3456452 14536655 15496441
28414 14318483 15496463
2581758 3671516 15496471
2354503 2797573 15496517
4573748 6862440 15496519
4656354 13357406 15496529
36346 8105373 15496543
2772901 12819508 15496553
554995 10404751 15496577
2814476 11052434 15496603
4898337 1831942 15496619
126580 4753666 15496627
2296008 12626209 15496661
2218453 14889191 15496669
831648 1901601 15496697
626076 4260659 15496709
4875476 14817005 15496711
3850698 9551627 15496717
4749117 13716623 15496721
344944 1873684 15496739
1501888 3271399 15496753
999036 1601725 15496757
2017751 10944461 15496781
4092986 1704227 15496783
3242516 3300945 15496787
1140091 3694713 15496801
1531037 320307 15496823
4246751 3311067 15496841
1389370 2027864 15496849
2616351 236164 15496853
3073483 3721758 15496879
3011416 15277312 15496889
1839587 2809883 15496903
5008794 669803 15496909
5266007 7661614 15496919
1754485 12840677 15496937
1493145 14299637 15496967
5373360 10937612 15496973
2823351 7142238 15496997
723290 1209448 15497003
2405901 7597804 15497017
4130327 15008346 15497077
188817 14694270 15497093
3785198 15488097 15497113
2529211 11367362 15497123
3194539 5512433 15497129
3859495 13827092 15497143
902280 14435549 15497161
3629205 2964291 15497173
4953766 6979780 15497177
1699872 14928491 15497197
2726677 3766431 15497201
504513 12037767 15497203
3477310 1785009 15497227
4795227 761621 15497267
4743119 12675338 15497269
3755010 4790980 15497291
2583909 14314889 15497297
656727 13101928 15497299
945402 3681882 15497311
681500 498556 15497333
238149 10197616 15497381
2914627 6575033 15497393
167224 2133799 15497453
2745937 9043149 15497491
575915 12431087 15497507
1017459 5453233 15497519
2153822 522900 15497539
2675897 13196095 15497543
2939060 3944304 15497563
4414616 5892547 15497567
3035557 9509890 15497579
2804357 9545396 15497609
73260 7192915 15497621
4636433 10881636 15497623
4798229 12929567 15497633
2127728 1923245 15497663
2488956 6666073 15497717
4820632 532707 15497719
2059455 8686621 15497723
1527201 1740784 15497747
2040274 2944415 15497753
1585766 7549884 15497771
4451995 800464 15497789
269809 5604780 15497821
194992 9893975 15497869
4631645 9110212 15497879
3188694 1360894 15497891
2706640 3592388 15497899
2806123 6715582 15497917
5216822 8791049 15497957
5106220 3759030 15497969
3054794 6802315 15498001
1831797 10561185 15498011
4569335 3861716 15498023
5272428 11344329 15498029
1912437 3093944 15498071
3945849 2838558 15498073
633665 8244672 15498089
3516092 5283856 15498121
4619815 9779012 15498127
4195684 6055111 15498137
309126 4104613 15498139
186989 1551168 15498143
4900387 5721898 15498163
3439238 1881742 15498173
3877030 2386453 15498181
587320 12096472 15498199
2309528 9308747 15498211
1282308 927579 15498221
5047501 7633981 15498257
4489113 2266635 15498269
4405900 6672169 15498283
1699183 8438607 15498317
3568371 9171365 15498323
4864593 11253625 15498337
2339069 15438711 15498347
540031 11469487 15498367
2434976 5741418 15498397
1267165 2382974 15498401
4172052 5990552 15498403
1635297 8468366 15498421
2062488 6940173 15498463
4416414 3045850 15498493
3185556 7355019 15498503
1016646 3623117 15498521
3193182 6782539 15498559
4697667 164932 15498599
3063450 14538381 15498607
269727 3121044 15498643
4099296 13947785 15498649
1338913 1085885 15498677
3691131 11058800 15498683
5311439 4186423 15498689
1415573 10164746 15498709
1848330 7594933 15498733
1398883 9660475 15498751
316884 9647437 15498793
5428097 973582 15498799
224376 13307995 15498809
4916296 8180776 15498811
2281109 8232081 15498823
3224200 5360971 15498829
3780066 11900176 15498859
4986934 9176994 15498863
3161248 7447227 15498869
471221 361113 15498871
1732091 8280205 15498881
1166914 9866462 15498907
2747069 952630 15498929
1070634 2707495 15498971
2276850 7673232 15498979
3576785 11375562 15498983
4635638 697795 15498997
4114442 1507851 15499007
1536109 3527890 15499009
1374750 13506156 15499013
3286109 6720571 15499027
2339358 10902365 15499067
4695641 6103024 15499091
2104291 73152 15499111
2251875 15347978 15499139
2402285 14237492 15499147
2152764 7097033 15499199
3527565 9549151 15499201
5471757 15042308 15499213
2402210 9959737 15499219
1916880 12368744 15499273
319156 11928131 15499283
2350865 4016102 15499313
3081416 11198542 15499321
4711883 5307985 15499327
4085091 6623598 15499357
1702026 1883614 15499361
3146689 6918837 15499381
2705329 204779 15499387
4124155 11736990 15499391
3749011 6852500 15499399
2615408 14025115 15499403
1248102 1301262 15499409
4895260 12204961 15499417
180678 3718752 15499441
1318871 238384 15499457
1096740 2253741 15499481
282057 15343151 15499487
3047436 15266378 15499489
378271 5036427 15499499
5394843 9894641 15499537
5335630 1585532 15499541
1329659 396411 15499553
4722485 1318634 15499567
907084 9056286 15499577
4706008 14581487 15499591
2661150 10764944 15499607
1644808 14708840 15499609
4407875 363710 15499621
3548762 911488 15499643
2406179 13234464 15499663
3632925 14742636 15499667
2163906 13972106 15499703
2882098 2924318 15499709
3150440 2648250 15499711
2564137 3906669 15499739
4145112 14735010 15499741
1387713 3019950 15499747
2244719 7845784 15499753
2820318 6608209 15499777
3779458 13535352 15499793
3119033 1746713 15499807
3987383 360217 15499817
1425007 6545946 15499819
291292 10744111 15499829
5066756 11541070 15499843
5350527 7727499 15499901
287017 2276378 15499919
3340626 4125495 15499943
4971322 4990647 15499987
231433 10400795 15499997
3418398 5761438 15500011
2625590 4387881 15500027
4329653 11451160 15500033
4355129 13219360 15500047
1745106 1799409 15500057
1646983 2837092 15500059
4474413 7980188 15500087
1648734 9880259 15500099
135381 3280531 15500113
1835192 5870305 15500117
1004323 13993966 15500119
4382849 2406679 15500131
559642 2174572 15500153
4087953 492801 15500171
301487 6208350 15500189
1047050 10937634 15500207
3418868 10547455 15500213
4857990 6073496 15500227
811442 7734592 15500237
40747 13292831 15500263
3580873 12820539 15500267
5314084 14736523 15500273
3861256 7679328 15500291
3686563 5143957 15500293
3974443 10452765 15500347
367862 8554802 15500351
2213073 3395160 15500377
5291973 15219041 15500389
3731556 15102716 15500411
2492892 11372351 15500423
4177616 2725856 15500449
1346123 3295929 15500467
1959884 1739268 15500473
1150542 7437143 15500479
4458777 8412459 15500489
2197419 4070445 15500497
4532129 12494879 15500509
245717 12465268 15500519
3199741 3206616 15500531
1568887 8573807 15500533
221112 6203406 15500557
3849332 11087496 15500567
2149398 1416843 15500581
5430034 1060821 15500621
4538571 13547536 15500623
1992797 12160163 15500629
475638 119217 15500633
2600669 13262407 15500663
5428630 10054721 15500671
933734 13366550 15500677
1403298 11968401 15500701
481241 6114571 15500711
5363257 14541576 15500717
1993401 15086175 15500729
3956286 2554329 15500783
3557517 4757712 15500813
2629244 3890596 15500833
4052842 1525321 15500839
3323069 13372096 15500851
1770931 3732377 15500861
3428217 13613481 15500869
2012973 1113731 15500897
3003735 2001658 15500939
1597807 12995640 15500971
200955 6688238 15500977
317701 3774180 15500981
2244076 6889405 15501029
2020591 8945650 15501049
3266335 12320737 15501067
2603599 6978636 15501071
3624785 14762995 15501077
4842258 6085523 15501091
3055815 13975054 15501097
1800503 4744121 15501119
5286189 9808733 15501121
5369788 14319534 15501133
165207 1400489 15501151
14672 5259424 15501179
450617 11226650 15501193
3700265 12609233 15501223
1150463 14117862 15501251
2448149 7768319 15501253
2856276 2098663 15501293
3902536 7332516 15501337
3869354 14274881 15501347
4017583 9605140 15501389
798480 13545021 15501401
3103929 15385075 15501407
2680941 14508982 15501427
3640854 7071489 15501439
2004909 5019197 15501449
868947 13170313 15501461
3942202 1104447 15501481
576419 8941354 15501487
3308839 5969604 15501523
1758141 15218928 15501547
2127644 293598 15501553
2107941 10493626 15501559
4582404 9156533 15501571
2542888 10740246 15501583
2496969 1054111 15501677
3423608 3741655 15501683
610957 3313269 15501691
2601135 13487158 15501721
3427818 9914749 15501727
4725468 8296618 15501737
1227720 14646319 15501749
949466 7383883 15501763
3957443 1860681 15501781
2300930 14485596 15501803
4077295 9857419 15501817
1863374 9141337 15501823
5076680 4675163 15501851
4377598 1661062 15501859
1326812 13069426 15501881
2265185 8618568 15501883
3034264 13921131 15501907
5433897 6442834 15501911
197340 1570914 15501919
226509 5795393 15501923
625074 9885432 15501947
3673960 402618 15501949
4604363 1780696 15501971
5268145 3904042 15502021
1622719 682724 15502027
2236945 7863673 15502031
3210759 6100843 15502033
1106105 5037838 15502049
4534412 1406636 15502063
4900892 12078252 15502093
2665787 11452833 15502103
4837892 6091680 15502111
2091416 14948089 15502117
1324676 1616077 15502121
3561855 350346 15502163
1031648 8533273 15502169
3048668 3333834 15502171
2898354 13002217 15502177
2879980 1446967 15502183
5294498 3344630 15502199
2607464 4072741 15502229
2273802 1941724 15502241
612758 9920506 15502247
1126574 8844670 15502261
1384698 5002151 15502301
3619664 3920667 15502303
3596723 13133324 15502313
2158971 3675458 15502321
367272 8360731 15502349
1820901 14498982 15502363
3564415 15151454 15502367
3096261 4050979 15502379
458659 1496233 15502397
3536580 14550967 15502411
1394226 621281 15502439
3255628 15276031 15502463
751860 9317101 15502471
3425070 13224285 15502477
5363879 5099599 15502493
1910417 9430440 15502523
2641391 7422522 15502541
3355045 14839109 15502547
2381936 14750173 15502549
3451714 8272143 15502561
288461 3365739 15502567
5209211 116162 15502607
891555 8974473 15502609
3917636 13434905 15502631
4346413 11434467 15502649
3757594 1010312 15502681
5340269 15030631 15502687
1696910 10566419 15502693
1507715 11022931 15502709
1741865 10243550 15502757
4159479 10241038 15502769
1875864 382638 15502771
1286885 3633386 15502787
2419500 597413 15502789
1202300 1542786 15502813
4706882 3015485 15502829
3204443 4003189 15502847
2306675 9175386 15502853
4439630 10545539 15502891
2539903 1656552 15502901
995310 8162968 15502913
4855059 3288808 15502931
564541 9593386 15502939
5194956 7438229 15502951
2384244 8465882 15502979
3388905 11013221 15503009
4270 10142136 15503021
1493901 9606926 15503027
639825 4310806 15503029
2800489 7057973 15503053
1896864 371802 15503101
2742855 13615966 15503119
1258508 8483891 15503141
3914257 5238713 15503143
3722657 12281374 15503161
3310966 10203128 15503209
3576022 13375328 15503231
3289858 5893670 15503233
532613 1405641 15503239
5071300 12099519 15503249
2477594 15287149 15503273
2990073 217009 15503281
1424474 1458413 15503287
3790921 124035 15503291
2065677 7070341 15503329
1676058 14654237 15503339
4941341 10307389 15503377
5106577 10644035 15503381
4999848 9231499 15503443
2668846 10382978 15503447
2960377 1243062 15503459
1529338 4806761 15503461
2191193 6532364 15503471
528892 12173826 15503483
3044259 6597549 15503491
2655156 11274623 15503539
1475330 13061053 15503549
4583973 1681634 15503557
4207215 9118752 15503567
4743299 8346335 15503569
4444922 12234085 15503581
844570 287476 15503591
2105332 14645407 15503597
5134595 710665 15503611
2645360 4606290 15503651
4516368 6475721 15503659
1885185 7523827 15503669
2360911 4132423 15503681
4665780 5519606 15503687
4757253 12013982 15503701
993597 1852641 15503717
670040 14887547 15503723
2711344 14420471 15503729
3262924 14349788 15503731
663942 10889062 15503737
2404640 409078 15503743
97359 3584812 15503767
2225356 10447612 15503783
4859225 5708188 15503827
2410832 5191363 15503849
1950594 1781783 15503857
444556 9169810 15503861
3214108 12893049 15503899
4962374 5191139 15503903
1281015 13420960 15503923
52871 10972063 15503927
14272 9714310 15503947
1122821 14540639 15503989
4520416 9725882 15503993
4946125 180446 15504007
3956165 6988811 15504011
1211254 10069163 15504023
3257181 6894390 15504029
1387943 7208335 15504059
5437174 4524844 15504089
4833762 5306165 15504101
1496652 5026782 15504103
3690298 10781647 15504107
4684818 8730232 15504121
407487 13236184 15504127
4158541 12684496 15504131
2049238 3410373 15504161
2444157 571376 15504173
3894506 2401364 15504211
2348728 8823785 15504217
4440607 4882758 15504233
1014643 4449666 15504239
5478753 15454915 15504259
3183325 12410369 15504263
5066119 4003835 15504271
1140553 5895290 15504311
3405349 10155261 15504329
104379 12355831 15504331
2334594 15374287 15504337
4111501 7539975 15504343
3027683 1635609 15504367
1262572 8828088 15504389
1027118 5935807 15504413
4649938 3516348 15504451
228081 10357551 15504469
1094118 1691914 15504479
221383 1024801 15504509
1461347 6799401 15504547
2371518 9772521 15504563
4469570 5089111 15504569
4091281 6185384 15504571
2860050 13462527 15504581
5101048 8348217 15504607
431090 7476947 15504613
4144527 2423446 15504623
4269938 3749878 15504631
4016609 14546817 15504637
5276101 363161 15504653
4398580 9217363 15504661
5132631 11826986 15504667
767947 14424738 15504677
3973608 4913667 15504707
744748 8112664 15504733
2128990 14699376 15504757
3266948 13860731 15504761
4763890 11194019 15504773
3385414 3995314 15504803
3411008 14200189 15504823
4887209 6311762 15504869
4227232 2816433 15504883
2023271 13474354 15504889
2193527 12911310 15504911
3293386 5512528 15504917
2943437 7055988 15504943
3162695 13692198 15504947
4631543 14905504 15504953
2945654 2548114 15505019
5130708 14426842 15505027
2960535 740619 15505031
1864699 1067768 15505043
3753763 10359885 15505079
721214 9060948 15505099
2572460 1177175 15505103
3712666 1713988 15505123
4443811 2725386 15505129
5127426 12840133 15505153
346528 10546655 15505157
4858909 5471072 15505181
3150681 15027814 15505187
4384374 6257454 15505201
4382976 176193 15505213
4534968 6537321 15505219
1100270 1825443 15505229
194755 7444383 15505271
611970 5343682 15505283
3244845 5551013 15505307
4426249 4472383 15505319
4700145 5896275 15505333
5128732 12984982 15505337
5140703 11145393 15505351
4482281 4820250 15505367
3863208 11402143 15505393
5269133 1352958 15505397
3770615 5675971 15505417
1251089 15076194 15505433
2948986 3569525 15505439
3067361 11883619 15505447
431940 2154961 15505453
2757782 9565872 15505493
309865 4288392 15505537
1054421 12983072 15505541
2269283 5534965 15505543
1240551 4092968 15505561
4270243 8411545 15505573
149440 12997336 15505579
664798 9962585 15505591
5391507 6189997 15505597
3765539 10237516 15505639
2076423 14298144 15505643
2120176 11253363 15505661
1101297 8794096 15505687
963370 3254397 15505697
839392 2980826 15505739
3845707 1349162 15505753
689338 298169 15505759
4994348 712562 15505771
3994789 14497369 15505793
3729273 7497383 15505829
1259213 8608301 15505871
2976142 4561601 15505879
2526970 7950349 15505901
948075 11947051 15505907
4737571 8406293 15505937
4086254 11378452 15505949
734032 1617238 15505951
4978771 10047396 15505961
3867023 15489509 15505969
3676356 10878947 15505993
5074672 10650297 15505999
701415 3320184 15506009
1248771 2652176 15506021
4040604 14868938 15506047
753338 15307809 15506053
4338400 6109844 15506063
2734871 3118182 15506069
1015862 11226307 15506083
3183343 7898865 15506093
1192862 3514665 15506137
5264856 9689139 15506171
5247506 12774091 15506173
5089515 3495311 15506189
2822096 10955192 15506207
3166315 15318371 15506221
5028723 9515610 15506251
2681107 12283933 15506291
2309740 1945511 15506297
593791 14542295 15506303
1162309 9258785 15506311
650273 2461837 15506317
4944946 13611403 15506327
2064935 11776131 15506371
2883698 236506 15506377
1294903 11540878 15506411
5335624 12039181 15506443
1234027 7765641 15506459
2844464 2571529 15506473
2940935 10893720 15506483
667530 288143 15506497
3471972 9297416 15506501
829571 15251404 15506507
96461 14709121 15506537
1922675 9292321 15506549
1835003 7821708 15506551
4892526 4519482 15506599
3277395 2125738 15506633
751112 4671029 15506653
4167102 11299524 15506713
3258273 10478351 15506719
1540486 5162919 15506723
680743 14702970 15506741
5426944 12261849 15506747
1713486 10112460 15506759
610580 3532366 15506767
2707420 3811208 15506783
3380471 14882173 15506809
1867089 8782246 15506819
519917 7238054 15506857
1735225 14788798 15506867
4221718 10438550 15506921
2992156 4583320 15506923
3313713 1381588 15506927
2728279 3895434 15506947
4950760 13944972 15506951
167775 3983227 15506963
744203 1009243 15506969
2311264 7342788 15506977
2947281 1389593 15507001
1413999 3283475 15507007
2789837 15240341 15507013
4397065 5988218 15507017
5258851 5435386 15507049
4973171 11681740 15507053
1157014 8241915 15507067
1796139 589211 15507073
2593022 14079812 15507091
3054369 11132803 15507101
3978094 13721088 15507127
4973822 5730318 15507137
2181709 7050871 15507157
1754597 2164396 15507169
3073472 5045408 15507187
3536421 2668603 15507203
5083442 7499103 15507241
2025468 12024972 15507251
24144 4560287 15507277
5074058 11195521 15507299
4308637 1455581 15507337
4589806 15131069 15507343
4716567 12503980 15507353
769375 11400460 15507377
2696894 1982821 15507379
4022244 12473765 15507397
498476 5595665 15507407
1181475 3747829 15507413
2808719 11631650 15507419
1685467 14190522 15507461
2559065 10080560 15507467
4170593 3804046 15507469
3086613 15010352 15507493
2717503 7001833 15507517
1923952 10385976 15507521
3440888 11257515 15507523
327053 8881128 15507599
2267094 13026222 15507601
301736 3773733 15507623
4550534 3824884 15507631
1935808 3590095 15507659
2232538 14039386 15507671
311036 3927237 15507677
2244858 8724211 15507683
3720279 3085318 15507691
4986360 13102861 15507707
2017288 10892091 15507733
4942299 5314161 15507761
4666907 10200800 15507769
233697 566511 15507809
1596845 12250526 15507823
4021400 6553059 15507827
155274 7001600 15507839
4774555 14833111 15507883
1228013 1022773 15507889
3264843 4239649 15507913
4392775 513370 15507917
4550171 12083651 15507929
3652866 1836500 15507941
1915035 15230736 15507949
4747246 8182243 15508013
565901 4635834 15508019
1841426 9017129 15508027
3244185 8119237 15508043
3464655 5857504 15508057
5104968 914962 15508061
4957045 1006213 15508067
5154251 9499281 15508093
4896188 11986611 15508099
2363574 1240811 15508133
2891384 6433994 15508139
2611744 3784324 15508201
2948174 6319689 15508271
2633004 14579432 15508307
1747666 8419087 15508331
4087642 1312189 15508333
2306070 4796981 15508357
3880990 5909556 15508379
2639944 1060951 15508387
1115117 13002704 15508391
1527084 4076080 15508397
3920108 13970648 15508433
2259499 660986 15508453
225484 11522650 15508469
294829 12134617 15508477
3877359 11506055 15508481
458443 5896837 15508483
194536 11911988 15508487
1669035 2909689 15508511
3651643 13600903 15508523
52543 8461194 15508529
1680655 7872758 15508531
4711462 13430774 15508561
4716596 9988743 15508609
1869675 4916374 15508613
1763689 231691 15508643
1858520 3181860 15508663
3859515 536647 15508747
1653723 6246147 15508763
4957667 11860313 15508771
425601 5772997 15508781
3171792 15083409 15508817
1760923 9675221 15508849
1534504 15459314 15508861
2808545 3522884 15508903
5456303 1849184 15508943
4439263 6637843 15508951
1588634 7694622 15508979
4777116 11565171 15508991
3278339 4310020 15508993
4185109 5726149 15509017
3482631 2341883 15509023
5449095 8347066 15509047
3444803 4643470 15509057
2849739 4659138 15509063
30456 6249519 15509071
3656757 7742953 15509089
4473800 6621315 15509099
1432351 3908972 15509101
2752387 12848547 15509119
4423382 7058796 15509141
858362 10872564 15509147
3744197 8101939 15509161
512831 10869084 15509167
1133423 682098 15509177
1159848 14536189 15509191
2714086 11905367 15509213
992568 7638770 15509239
4144448 10530854 15509251
3436528 1331 15509267
1053063 2770984 15509279
3820143 15233340 15509281
1543254 1682713 15509293
1432902 4031881 15509303
19730 6555569 15509309
2916931 5773662 15509317
4923637 7060984 15509323
4904808 6203052 15509341
2765390 12673184 15509353
4961372 13647278 15509371
14005 5861237 15509381
2710093 15434930 15509387
5054467 11963244 15509399
4554738 15218170 15509411
2458246 3670243 15509413
5153597 11415531 15509437
1536975 2087144 15509441
3539792 990420 15509447
1202352 778078 15509449
1451747 4465919 15509467
525628 9410839 15509471
1626403 11436118 15509479
5476849 9620136 15509503
915170 5202760 15509509
1980635 15428147 15509531
1467160 954832 15509539
599797 12867103 15509551
4747832 8618523 15509561
4644117 5226132 15509563
2781940 2089246 15509569
2796592 13618736 15509591
4657036 2067706 15509597
2993682 10343975 15509617
894067 10445366 15509639
1837089 108973 15509647
3580806 7508480 15509657
2394100 12081570 15509699
2177104 6137201 15509701
1487171 9015860 15509707
2796465 3076581 15509717
4089717 4119544 15509723
4412167 1828155 15509731
2958743 1513918 15509749
5138417 14763708 15509777
1058407 7684567 15509779
2473701 14317016 15509789
3997147 14821174 15509801
1001125 9587932 15509821
1752550 12903731 15509839
434623 9684523 15509887
3491490 4199541 15509891
4623804 9126572 15509903
4099104 4195331 15509917
1522051 7638072 15509927
5469319 5050657 15509957
1014078 14761043 15509987
1352984 11757923 15509999
1782595 7948956 15510083
3936229 3131189 15510101
3253497 3154662 15510107
1766874 3092995 15510109
3779192 8858459 15510113
643365 15336648 15510133
3986343 10297721 15510139
1650014 13767873 15510151
4223932 14961067 15510167
1440453 10207810 15510179
4578644 154228 15510197
2439405 5064908 15510217
4837029 10019965 15510223
1615462 1915462 15510227
4273584 1127829 15510281
4856715 8131478 15510311
1803450 14919173 15510343
2385436 10279315 15510347
3002612 2443515 15510353
4390039 7959022 15510359
2947481 5964394 15510361
998972 4580044 15510367
328151 407044 15510377
4431817 12661446 15510379
924518 10197586 15510413
2026499 6971144 15510419
3505972 3019026 15510421
2441134 15346733 15510427
245413 2727168 15510431
2872826 6866778 15510449
2840145 3471272 15510457
3938763 9755170 15510527
4424390 1906718 15510557
3367793 13529201 15510559
3795097 14726131 15510581
319490 10273975 15510601
1208889 1524207 15510617
4890331 1216857 15510619
1954969 4887919 15510641
3438183 2575973 15510643
2955164 7458454 15510689
4442584 1788245 15510727
1865462 3941242 15510767
5455686 6160031 15510769
3251566 4602707 15510773
1002437 14239962 15510797
96091 8706700 15510811
919626 7023206 15510829
5333788 10407464 15510839
3000345 5690851 15510841
4202818 14577029 15510863
4465357 2326967 15510889
2518284 5765577 15510899
1448120 4272289 15510907
2578425 387242 15510941
780668 1681912 15510949
4440412 8369464 15510977
3271230 7301614 15511051
703878 12680341 15511057
4667783 5010422 15511061
3286736 14003926 15511063
4276713 10064754 15511073
2562509 4517105 15511109
1494307 8626441 15511121
2679849 11421351 15511147
4076041 222497 15511151
2181535 6715202 15511183
3297804 14626301 15511193
3352323 3126338 15511207
2193536 14439025 15511219
657727 6556893 15511229
1121312 1365965 15511241
3535649 13924916 15511271
4128845 9887778 15511273
5281414 5159439 15511283
428438 10659042 15511291
3667803 670895 15511297
3083137 8860040 15511337
1888702 8620876 15511343
2429000 5630452 15511369
1133981 2575767 15511381
3053930 1288184 15511387
5306062 1428814 15511393
4846360 14266667 15511403
3526072 13092593 15511409
2175283 13307488 15511411
4073372 10012751 15511421
3652827 11250452 15511423
1145779 3825834 15511459
3701370 10090865 15511471
4505561 9305928 15511487
1057903 15122535 15511493
4205385 5909654 15511511
4436662 10981715 15511523
5151639 11314865 15511537
2607892 11131119 15511541
1403649 15160839 15511553
2292942 12753952 15511567
5223059 11355479 15511577
3385217 15386900 15511589
4300187 1805565 15511609
2459491 5676513 15511627
3726213 3155234 15511649
1320250 11785829 15511651
3790147 5301338 15511663
2143398 10252399 15511673
983512 11471470 15511679
930769 15061188 15511693
5300870 11848809 15511703
2885888 15327777 15511711
932509 12985113 15511753
3560341 4048769 15511759
1818673 3657623 15511763
942058 456807 15511807
1274600 14211188 15511813
4270804 8683307 15511819
3738984 3654022 15511861
811343 13792910 15511891
1359132 4164031 15511901
1656903 8855499 15511919
1568511 11272057 15511921
1798854 12721381 15511931
5405962 12544798 15511933
4209525 5820673 15511957
2844953 8990955 15511963
2037430 12383732 15512023
887452 8712366 15512033
3614661 9487968 15512047
1806581 9316363 15512131
1328679 8524307 15512137
1527515 2536108 15512149
2804396 11951006 15512171
2091382 2294999 15512173
4520576 9555631 15512179
2649188 14907481 15512191
4456832 9637872 15512197
24949 4570737 15512219
4973572 14320791 15512251
555467 1858973 15512257
2139105 9773958 15512267
178559 13457764 15512269
275864 15022601 15512333
3359717 13629363 15512351
3439730 6107570 15512353
983709 4887948 15512363
2985616 12656867 15512377
508518 13352432 15512383
4185334 689808 15512389
1949649 14332101 15512407
470192 8309873 15512459
5245969 6501213 15512507
2232146 2800050 15512513
5348878 8462967 15512533
2070230 1186433 15512537
1853647 376674 15512543
4990494 11996057 15512591
4227510 6316975 15512597
93753 5319245 15512599
648479 12496441 15512633
1569952 400590 15512639
5000266 2287319 15512659
2977261 2950562 15512663
160930 6886898 15512713
317840 11862302 15512779
28740 7582724 15512813
3063928 6377231 15512821
4232064 11739257 15512839
3540738 12046958 15512843
1878045 13001372 15512851
4567068 4914442 15512863
4338302 9325909 15512869
602815 13681595 15512897
424696 7059677 15512899
443658 1715268 15512909
2289856 4281747 15512951
3034992 8104214 15512963
2942163 1449955 15512969
3774746 6188833 15513019
4345238 11230162 15513031
1723194 14985901 15513041
4343459 7702561 15513049
1514921 8763796 15513053
1586254 2072959 15513059
337064 2890067 15513073
1802726 4582610 15513079
3068189 2063459 15513089
3201667 11101375 15513103
639168 7229884 15513107
5482221 3690895 15513133
1661403 275309 15513143
2217501 1101167 15513161
498626 2261716 15513187
1094044 797011 15513193
4005737 10046604 15513203
475431 4357716 15513209
5487321 8317343 15513227
452054 3288649 15513229
2198015 7289537 15513233
4741618 11849827 15513241
5318327 867432 15513269
5338685 13211827 15513271
2472279 3900790 15513301
366749 10783050 15513331
2443791 2105034 15513341
517337 15012583 15513343
237998 9109082 15513349
2107267 2330747 15513359
4474335 1205651 15513383
2571756 10711788 15513389
5331957 3795041 15513391
182261 13255704 15513409
879728 7383927 15513439
4578683 796899 15513461
3399731 7867754 15513479
422435 7747018 15513493
2183111 12969361 15513517
1017481 192716 15513541
2340669 5030246 15513559
3194204 5163682 15513587
44161 11035404 15513599
667043 4249907 15513601
2065418 12632840 15513611
2012549 8416786 15513647
5251075 13289928 15513653
3563545 11870920 15513677
2339505 9789713 15513689
1406500 972839 15513721
3374078 5711408 15513761
3351039 1122869 15513769
1326879 13449924 15513781
5411928 1473855 15513787
2740408 568337 15513791
4194585 8595513 15513793
3041061 11895333 15513803
2648375 8337733 15513833
4324859 3119026 15513847
1290348 1709345 15513853
212408 13610334 15513881
617098 14482524 15513907
4120052 9815471 15513913
990879 14370788 15513923
2136475 1876633 15513931
3958834 11459063 15513943
5163983 14931765 15513959
3216594 11057998 15513961
145675 13045461 15513973
646891 13014143 15513977
832894 12710583 15514003
4769630 13440161 15514007
3121155 5656669 15514019
276741 11148034 15514021
1561291 11760473 15514027
810600 13076005 15514049
3542829 7795254 15514073
2577546 10847553 15514087
5080118 11893239 15514091
747327 5843943 15514117
3174015 11856579 15514129
697818 14465205 15514141
881340 758453 15514153
2086269 12786299 15514157
3456232 13942146 15514201
4660087 9255687 15514231
1177768 8867353 15514237
1241934 10815483 15514243
3835569 15266815 15514253
1544409 14598400 15514283
4349824 5126969 15514309
1801429 10697765 15514321
1179319 1278807 15514337
4077857 2027778 15514339
3341447 10680298 15514349
1665599 14516871 15514361
3423097 5397857 15514379
3525225 7055572 15514381
687389 9174980 15514403
2328445 1978560 15514427
162695 6387196 15514439
2889982 4203138 15514451
4224277 5115485 15514459
715579 15139715 15514481
3196009 12316166 15514483
2027029 10489353 15514501
931657 15166703 15514511
4616348 3699657 15514519
1341759 187469 15514537
890341 6554643 15514547
2061652 1018248 15514549
1339892 5712000 15514553
3903971 1908161 15514567
1242216 13096766 15514571
574474 5319029 15514589
2595034 10134529 15514607
1904241 297753 15514613
2008946 13049467 15514649
20244 7954751 15514651
3621593 13075500 15514661
1699387 10134476 15514753
4325540 4037413 15514757
4769807 13616362 15514781
4532141 1152470 15514783
4863171 6556341 15514789
4138156 9741692 15514799
1027093 5193698 15514819
838993 10319837 15514847
2119888 5243933 15514861
3754892 7973147 15514879
953953 15185965 15514901
3558550 1867472 15514921
5116075 5624402 15514927
1601290 4281807 15514943
1175137 1435874 15514957
771448 13284435 15515009
3487805 13220155 15515011
634772 1299574 15515051
5401636 13004059 15515057
3965870 896900 15515069
4194685 2534060 15515083
858988 1987797 15515089
188354 11587667 15515117
3468250 4667165 15515119
370251 9779547 15515147
3230404 12796537 15515161
4003347 13345133 15515177
5161986 3568124 15515219
3706079 15107585 15515231
2427117 1498636 15515243
1712060 13242484 15515249
1415355 4879046 15515251
5185399 5222698 15515287
2530894 4121932 15515293
1292234 13589124 15515299
3252769 6612741 15515309
993984 4145039 15515323
2298127 6281165 15515327
3693723 11655340 15515329
1497776 4963870 15515341
3117590 11851965 15515351
4400646 7903612 15515359
4782372 2167553 15515369
3079298 12039163 15515371
4524912 11308405 15515399
2248101 4504652 15515413
1671089 7190650 15515429
492840 6574214 15515443
3926127 9967480 15515449
3856758 11917353 15515453
1339620 14142742 15515471
705469 10583736 15515491
3730895 3031780 15515497
3756504 3995607 15515567
1301445 850064 15515573
1168614 8032661 15515579
207610 10808816 15515581
2633721 12237119 15515603
1468672 287935 15515623
1952875 7228821 15515629
1187138 5624377 15515741
4189793 10117054 15515743
1072230 5857207 15515767
2160729 6217635 15515791
2005146 13160082 15515809
3621346 2287698 15515813
4716237 12976760 15515833
173344 5318993 15515867
47911 12725017 15515873
4172425 14489531 15515887
3408953 14242575 15515891
4541404 6171872 15515911
1680433 11466464 15515939
4085171 2450926 15515947
1075338 3332571 15515959
1974722 10655151 15516001
1361068 12809257 15516013
4677360 501128 15516037
4672830 3873037 15516071
3777550 7883752 15516161
4095351 1408995 15516167
1818673 6049756 15516173
645325 9032921 15516187
1227184 6485707 15516239
3870109 10435157 15516253
4731961 15077964 15516271
3533833 6213098 15516289
3788987 7079792 15516299
1247108 7047332 15516301
2703186 2455627 15516317
3270242 10134873 15516323
1430317 9114211 15516373
3042526 10003718 15516377
231098 12112849 15516383
4076271 15395480 15516419
4528034 9492175 15516433
1701713 4103795 15516443
2465789 6300161 15516451
5183868 14259625 15516481
2557922 4390682 15516493
5175062 10942521 15516497
5224909 9742938 15516499
4038253 6718093 15516503
1703547 14557125 15516511
54772 4375618 15516517
2817060 10942650 15516541
4911720 9444159 15516547
2935791 14018341 15516577
1493013 13725550 15516581
2812217 12317914 15516583
2035601 665371 15516617
3283002 10139019 15516619
1086095 9043504 15516623
1561557 1109379 15516643
5017649 6331041 15516667
3823369 7013629 15516689
1874253 9640040 15516691
4521973 8164412 15516703
4506990 8556296 15516707
2313172 15127094 15516719
2314442 5814325 15516751
938720 11268272 15516763
1294353 10335615 15516773
1511576 13230717 15516779
3915271 6007853 15516791
4349139 12140323 15516803
3932039 4718854 15516829
1569281 13055447 15516841
4593131 7019701 15516857
2324240 10587722 15516859
1052707 1570574 15516871
2953900 15105608 15516899
2345929 8607262 15516929
3193632 10616084 15516931
3007097 9804775 15516947
2673304 5776566 15516989
2814588 1960050 15517037
209066 15033992 15517043
1753055 8499277 15517049
4158506 10517689 15517067
2566384 9526657 15517069
2798294 13503001 15517079
3002551 11642912 15517093
1664442 11006767 15517153
2780984 12489300 15517169
4303295 3795082 15517193
4343467 969523 15517207
4223252 6637572 15517211
864683 12676916 15517217
1194954 803355 15517223
4739457 11261709 15517237
85876 8346502 15517253
1830388 7088740 15517283
2557473 7231308 15517289
193238 14201783 15517297
2117919 6794602 15517303
3208774 8656928 15517373
1752050 12151439 15517399
4820551 2896832 15517441
2246016 5143571 15517451
891623 15192510 15517457
601873 13588837 15517459
3662755 1036090 15517477
1786628 10136954 15517483
2651089 14863689 15517487
2363088 8674137 15517501
1641784 14755381 15517507
3135580 13775773 15517529
1298011 813764 15517559
385627 1646203 15517589
349624 14460124 15517591
4555419 4273290 15517609
1946033 3132403 15517613
3922117 4159481 15517627
4580863 3301551 15517631
337678 8406074 15517633
2454060 2501433 15517637
3725181 11268328 15517679
5432849 1456738 15517681
3890148 684437 15517687
693537 3639667 15517693
2268105 12045126 15517717
3191958 15012972 15517751
5261920 15251920 15517757
5161721 15362560 15517759
1560225 3203947 15517781
3996609 5541407 15517783
4965500 9666010 15517793
4155388 5663777 15517811
1098439 12654531 15517823
2960778 11039606 15517841
2301300 15437877 15517897
4261329 4292168 15517921
4973408 6510114 15517979
2376263 9098917 15517981
3337518 6502183 15518021
5112361 9033853 15518023
4802915 13158526 15518039
1231789 3972576 15518057
4519434 6165569 15518137
1222965 12670239 15518143
2568500 10085026 15518189
3518160 1140837 15518203
2356042 9254560 15518249
3883264 8435199 15518291
3036079 7434442 15518303
982947 1665085 15518309
5042441 14161530 15518311
4129167 11872924 15518323
643191 14524986 15518329
597163 10286901 15518359
3697798 1681840 15518369
556308 14141407 15518381
1103505 10781289 15518389
16309 7894462 15518407
3491182 10625744 15518411
4432296 2500932 15518423
3448149 2210908 15518441
4029169 10961334 15518449
893545 13631939 15518471
5149097 5344901 15518479
5193009 1100386 15518483
1348974 1633024 15518521
473828 14039526 15518527
4360822 1916359 15518533
4742179 8538779 15518539
3539138 5347260 15518557
3547152 8880727 15518561
1943391 13928306 15518563
3007504 7922569 15518579
1004424 9647831 15518597
1372440 13370471 15518599
4023825 12146030 15518609
3548145 13979332 15518639
1469652 8539394 15518641
2549715 14090845 15518669
826487 11504845 15518677
2819845 11700547 15518689
3220459 5782438 15518717
4365359 9288344 15518719
4329627 1258187 15518729
2918934 73633 15518731
4409325 15437694 15518747
1898297 14254140 15518753
3741212 5414832 15518761
5413941 7847810 15518779
578985 14161628 15518803
1394976 3009002 15518819
5416359 2513418 15518821
1098211 7710475 15518831
939286 2121870 15518837
4684626 11398929 15518843
1187440 3322463 15518849
622696 2543931 15518861
309555 5567160 15518863
406622 6068859 15518891
3895028 2732096 15518897
3743614 2893908 15518903
3990448 8835951 15518917
2573739 7137088 15518927
2508210 10989084 15518929
4280706 8473882 15518957
1222733 1132095 15518969
513635 10148741 15518981
5261093 11165699 15518989
3630828 8234956 15518999
809107 1953289 15519013
1456972 13476300 15519083
2053561 11816791 15519103
608814 2837574 15519137
566582 3051076 15519139
1784449 14089696 15519149
5158141 8661049 15519151
698587 6946305 15519167
477763 10889785 15519221
3515364 10106832 15519233
1636360 3059843 15519241
173008 7724689 15519253
2616868 11141129 15519271
4333374 262381 15519281
1561779 9596051 15519299
2052715 6162776 15519337
4750291 15140462 15519347
636599 5083817 15519359
2033803 148398 15519373
3422877 9966724 15519377
3199556 3967876 15519389
5432538 14536896 15519397
2883334 5257111 15519421
1878037 14907538 15519451
985440 13604544 15519461
596560 3881052 15519467
1555022 9797580 15519473
843327 13253705 15519509
5293374 6672879 15519547
274259 10405231 15519563
3139670 5227285 15519571
3843822 483266 15519577
2369640 14436427 15519583
3462886 11499924 15519587
2516721 8396874 15519593
4384585 15235259 15519617
416007 9538392 15519649
5214590 6367388 15519653
3106783 5185831 15519659
2148648 12044476 15519661
2859705 11099810 15519697
3356577 3298773 15519703
3895577 449684 15519743
4973942 5714320 15519797
1630952 926015 15519799
2504524 14031289 15519841
2527426 11015699 15519859
4116254 14291626 15519863
1352143 4325998 15519869
5359321 11600707 15519877
4710569 2714416 15519883
965416 13903435 15519923
4124539 3155474 15519971
5495975 10643801 15520007
3525476 8772749 15520013
3157001 1460654 15520027
3840634 3862036 15520049
5318283 1584591 15520061
4428446 4410489 15520067
56977 13448035 15520111
2590414 15135644 15520121
996879 4644559 15520123
910709 8546260 15520129
646852 9929271 15520139
5342853 14586391 15520151
4057261 12236257 15520163
4796904 13465703 15520171
803268 9173098 15520189
3618056 9543264 15520213
2633495 5396296 15520229
796966 1992029 15520231
2037211 4125444 15520237
4387950 9333762 15520247
5469957 11447157 15520277
5067016 6631165 15520301
4050468 6104836 15520327
3028588 4989303 15520333
287685 9495019 15520339
1116515 13438569 15520343
2235028 11715761 15520357
4366511 10376967 15520381
4127042 4664081 15520391
3223744 5703415 15520399
668528 13880640 15520403
2407649 14323795 15520409
2406887 12355999 15520411
2381270 3482149 15520447
1913211 5825998 15520459
5473053 12545707 15520471
2055275 784794 15520489
4025853 14825550 15520499
260746 4353067 15520513
3498874 12088796 15520517
1295872 2188529 15520537
1862052 3692644 15520559
5190130 6647505 15520567
1562474 8991056 15520579
4911872 113519 15520627
5069512 2428874 15520633
3736559 2613827 15520651
857082 3929066 15520667
2934363 11975472 15520691
3930027 2519710 15520693
5496938 11926660 15520709
945822 9559310 15520753
2017134 4330376 15520759
3061070 3099860 15520781
2113141 11903259 15520783
3815155 10080008 15520787
3137203 6098018 15520789
902104 13033919 15520793
4043328 6153970 15520819
5518450 3887510 15520831
2194470 2892164 15520877
3142272 1657576 15520909
833827 3559977 15520927
1970544 14806327 15520943
5113980 5137616 15520961
3661159 1118935 15520969
1733512 14072187 15520993
619981 3791836 15521027
3694095 10334569 15521029
2104825 14412740 15521047
4962933 2288988 15521063
1323608 13621700 15521069
1991524 11111081 15521101
2899496 12673725 15521117
5006158 3336685 15521131
1582160 13336774 15521137
2150932 8023814 15521161
1896054 14507766 15521171
2976576 5733019 15521179
836061 13301489 15521183
401275 10046605 15521197
4049043 1823238 15521201
3190961 6659535 15521203
2890914 4671796 15521213
4494537 8074716 15521257
4877115 7316024 15521263
4962489 2829667 15521279
2112104 2391080 15521281
2492307 6130818 15521291
4077579 14789114 15521299
1764608 1338318 15521339
1022594 8194187 15521383
3566240 7791997 15521393
2428617 9792624 15521413
1816292 13446056 15521417
4782228 11310475 15521419
3027083 2819134 15521431
2873099 4631303 15521477
3396306 10205060 15521497
5307572 4878495 15521501
1682858 4058572 15521503
504985 11879787 15521521
1842545 11236376 15521533
1656829 8737549 15521557
3988038 12609879 15521563
1131685 9193371 15521587
5424223 127613 15521593
4497001 7378266 15521617
747711 40803 15521659
4281091 3260540 15521677
3698411 5866863 15521687
3666614 12213779 15521707
679490 15298203 15521717
5116585 12663958 15521719
3186792 11933425 15521767
2343250 1762742 15521783
4898852 7806106 15521789
3561909 5580721 15521809
4938325 2397326 15521819
245288 6307633 15521837
1534256 7456181 15521851
5173562 10378420 15521861
3784850 13023388 15521893
4648237 4158477 15521911
1556974 2620312 15521921
2471151 8492616 15521923
5495435 241786 15521929
501502 13280156 15521953
4400965 7263693 15521971
1120148 8131969 15521977
4669121 7326436 15522043
2933778 6239100 15522049
2426197 14671104 15522061
1107176 13296886 15522109
741273 3910867 15522113
3726376 2401140 15522127
5128241 7054311 15522161
1200794 5993223 15522167
875250 1466677 15522181
2555018 138187 15522187
4750908 13613328 15522191
2567082 12706658 15522193
1493487 5091105 15522197
1951080 7286838 15522239
5070358 2561586 15522253
4136350 11334861 15522271
1860008 6860233 15522281
4364448 1823814 15522323
4830324 13207115 15522329
225759 1967834 15522349
4021338 15496768 15522371
5070873 14657007 15522389
400305 9110747 15522391
2731024 5946993 15522407
2810504 4156123 15522421
1568582 1917494 15522431
4873112 8801128 15522439
3012488 4870098 15522443
2305825 15120697 15522457
2125655 3432758 15522461
3886638 5613721 15522467
2352097 7681513 15522497
521071 7236286 15522509
1632575 11301544 15522571
1006085 7024689 15522629
4359730 4344042 15522667
2445595 1585575 15522679
1216702 15001222 15522707
4825281 13631726 15522709
2393486 12126586 15522713
468960 13556967 15522719
1960444 10979982 15522739
4767690 1666166 15522763
3128820 15353468 15522779
3235965 3068072 15522827
3169693 11135860 15522851
717927 7759488 15522863
105182 3837291 15522877
152110 3851269 15522883
4163820 13533422 15522893
3004175 13986765 15522901
2569553 12049369 15522911
3473568 8645748 15522929
3419212 11689575 15522931
2306950 555478 15522967
4502016 9718323 15522977
13887 7328961 15523003
5109619 8022878 15523037
3390179 161684 15523063
3855017 7421490 15523069
5199387 8311302 15523073
242305 7044456 15523087
329640 1914666 15523093
3170229 5392284 15523099
3158302 1207770 15523121
4214685 2361035 15523139
5362187 15315649 15523147
2676877 12864289 15523177
2089304 9072228 15523181
4152528 6703596 15523187
5115095 10328567 15523199
3991835 599363 15523213
3149405 3430401 15523217
1011117 4391202 15523243
720136 11012171 15523259
2351342 14867587 15523271
3376465 8332866 15523273
4568791 13283723 15523303
2718480 13297258 15523307
582191 11191167 15523331
2132555 13300276 15523349
2886206 4101366 15523411
3450186 8396786 15523423
3170185 3966697 15523429
4367899 3280435 15523441
2234625 11255628 15523451
720417 3678380 15523457
2609132 4772083 15523493
3609928 7964878 15523517
5352981 12106816 15523561
2943942 13939400 15523577
2287898 3108435 15523619
1462494 3872197 15523621
241395 14336565 15523633
4840677 6161555 15523637
959001 9503532 15523649
2371524 4989717 15523657
3356103 11172899 15523661
446293 4077000 15523663
2439167 7755589 15523679
3955115 14814008 15523691
3714920 7486263 15523709
4699461 13551084 15523723
4346086 15507715 15523727
2385770 12334672 15523751
5135461 4993785 15523759
2429070 15294665 15523811
3099555 5282325 15523813
4801885 14331384 15523841
4581535 7743101 15523843
969571 5213064 15523847
3913297 7657409 15523853
927339 2771793 15523867
3117578 6198702 15523883
5436640 8130348 15523897
133871 15349536 15523909
2651824 9185328 15523933
2447314 13309682 15523973
2890041 12836754 15523987
5201791 9323273 15523993
5101501 3910128 15523997
4731775 13495445 15523999
4677166 1781343 15524029
4720074 13317324 15524039
2874567 5532841 15524051
1310705 1665542 15524059
3326399 2078828 15524081
3018170 7693745 15524129
5249035 3217043 15524137
3934299 13488976 15524143
2686699 14979340 15524203
72601 9971146 15524227
2587650 2166859 15524239
4639347 6234039 15524261
3218645 14012103 15524293
1498870 3773034 15524297
3502343 2699309 15524323
703744 11857440 15524329
2735799 6765446 15524339
1883246 1693948 15524347
1340378 10216944 15524371
595971 15454961 15524381
4269719 1075620 15524393
5122993 10349071 15524401
2031086 1237864 15524447
3246899 2761184 15524449
1865701 408558 15524473
3175174 848899 15524479
3063274 15327757 15524513
5269240 8350295 15524533
3007826 6718737 15524549
2109326 9424362 15524623
2388989 10348174 15524651
3192456 4443547 15524669
2502100 14347753 15524681
1872664 12650050 15524687
1661040 9819254 15524693
738008 9161133 15524699
383544 11728527 15524713
4275009 6542313 15524741
1239900 2671217 15524759
663496 6569696 15524779
4528034 9107721 15524783
4916957 7829845 15524801
2021951 8862866 15524807
955254 10984189 15524819
3467180 941989 15524827
4189747 11368727 15524857
3908770 1856705 15524903
705334 2469024 15524909
3797562 9641227 15524911
919002 10585101 15524917
5458337 942101 15524921
5061685 5166933 15524923
2782490 7901556 15524933
5417041 9995286 15524939
2530995 12616666 15524953
5512554 7559296 15524959
3061083 10880778 15524963
4800347 10518619 15524981
5139114 7197663 15524987
852962 7452773 15524989
934656 11034254 15525007
1498730 11068186 15525011
5228301 12276247 15525031
1928064 1052902 15525043
1585859 2187563 15525091
1005100 4594353 15525151
709613 6777727 15525157
1606756 14796321 15525221
1988417 14836151 15525229
2021693 9848993 15525247
2176088 14612340 15525277
1085840 13670973 15525287
4944205 10386805 15525329
4387317 11505836 15525331
4433548 6312036 15525359
244779 1567767 15525361
624500 7760634 15525401
2442949 5920547 15525407
4916171 7566798 15525439
2187493 14675166 15525443
666243 8488547 15525457
480287 12594167 15525473
5070067 4739406 15525487
4769984 6079807 15525491
4127332 1123291 15525493
2507133 9084058 15525509
3645346 7928087 15525541
4361096 12294292 15525551
2237725 6129126 15525553
3422774 2567597 15525569
1164976 12023963 15525577
1751636 4930242 15525581
1346713 3658279 15525599
1460072 14813094 15525611
1524155 3992642 15525617
3038595 5238986 15525647
3772658 10572129 15525677
2856384 6329456 15525683
3251844 777582 15525689
2511534 13180252 15525721
1844589 10858059 15525733
3099345 11583859 15525749
3969933 3364649 15525751
536367 9832951 15525773
3378173 1782711 15525787
5225263 1523889 15525833
5309814 11696013 15525847
3196095 10137294 15525857
2920842 14456545 15525889
4002632 13121133 15525893
4400042 14811444 15525899
3824335 14678471 15525941
2180920 8827581 15525973
475311 6318954 15526001
3878025 1702518 15526031
2887076 12638466 15526033
3339396 14965366 15526037
632886 3536149 15526039
631212 2785461 15526057
4712970 10537899 15526099
3579641 11845571 15526103
3557325 14334054 15526123
3866759 6560096 15526129
438587 1997067 15526153
3181524 8771395 15526163
4443147 2650440 15526169
3221867 14220168 15526171
3541699 5149565 15526183
3086062 6352136 15526187
4485678 8729918 15526213
3495396 11705889 15526237
2798168 5901510 15526241
3608297 8745605 15526243
4689288 6087825 15526261
5176522 11615157 15526267
5455621 4599889 15526279
5492954 11227600 15526283
5411873 1614572 15526327
2632514 9268620 15526337
1697661 15313701 15526367
3054895 8250988 15526369
1625972 4053937 15526373
4129197 15460542 15526393
3539501 6271642 15526409
511873 10996292 15526417
446415 11306846 15526451
5264076 13676386 15526463
4641725 1307766 15526481
4467185 8179457 15526487
750121 4181919 15526507
4136252 9600968 15526517
2115433 4761844 15526531
4020266 6980831 15526543
2388178 10259247 15526547
3017500 2837396 15526549
5232685 123227 15526579
1632715 2057396 15526597
5366987 9269185 15526613
634103 13083525 15526619
1066642 6893595 15526631
2655837 15397760 15526649
1464494 10398341 15526697
4388468 4195128 15526703
4758379 3485078 15526711
