4368899 645747201 2038074761
2381293 967693343 2038074769
2178583 713766179 2038074793
270419 1685087898 2038074803
6931642 870467589 2038074817
2590099 1032062484 2038074853
6405770 604651992 2038074923
2700787 263795355 2038074931
2636569 148351510 2038074947
5868548 967287080 2038074949
2577432 1203028486 2038075001
5889396 841533912 2038075019
3252925 1407154047 2038075037
2514687 1243174176 2038075049
4422937 753710598 2038075069
747533 1038788092 2038075099
1212079 290111719 2038075121
3768321 12455280 2038075163
823674 1698211192 2038075183
376294 1536534194 2038075187
7670237 1676680280 2038075189
2967166 1545461118 2038075199
645307 344426331 2038075219
6927345 538088695 2038075229
710628 2022806322 2038075231
7043978 35744156 2038075271
5217084 907523789 2038075289
8065123 2037112097 2038075301
3020251 1139045326 2038075307
1705470 1484308612 2038075339
1843122 1716165526 2038075349
3437541 1542671566 2038075363
5782602 1211790197 2038075373
7720568 1419492411 2038075387
4418163 323948772 2038075397
2912178 407273282 2038075423
6458773 974193783 2038075433
2579015 1828286673 2038075463
4514757 1006400744 2038075469
4500281 767302519 2038075511
5287456 2033749121 2038075531
6637774 127279403 2038075547
1698062 1824930444 2038075579
5664210 1158863151 2038075597
7665201 1647525131 2038075619
4933649 471109018 2038075639
4452474 760344504 2038075643
4055828 398073731 2038075649
7051008 569531866 2038075691
2080138 1875321968 2038075751
2953217 1158870759 2038075777
4172622 1854278536 2038075783
7627272 1460478999 2038075817
500406 1703146358 2038075883
5449328 1084374270 2038075909
119413 150935188 2038075913
6755741 401641448 2038075933
7481623 1424857891 2038075943
7012835 1673523994 2038075967
976890 1872741181 2038076003
4282440 456605383 2038076057
565100 822364038 2038076083
19622 1670084130 2038076099
6219040 1897038773 2038076101
6219963 1368121780 2038076111
6482486 81830189 2038076113
6665188 1639208800 2038076119
4542653 628767836 2038076129
7392306 1658920651 2038076137
5561396 1307067910 2038076171
2767531 642228417 2038076191
7333774 457304232 2038076213
4471548 277876882 2038076221
5569065 834802718 2038076233
3896021 803336706 2038076267
4693032 674061307 2038076281
5834811 1462051753 2038076303
4793753 1273344679 2038076311
2586652 220375151 2038076317
4394473 96349636 2038076323
590975 409667350 2038076329
6906472 2026891801 2038076351
2798455 1379810855 2038076357
2777919 1471341540 2038076423
1118071 1068521820 2038076449
6856162 495466634 2038076473
2753254 1240114174 2038076479
3105746 39506828 2038076489
5792859 790451584 2038076507
7406303 420149187 2038076539
4228783 776956166 2038076543
1320154 1166397673 2038076627
3439395 1018815357 2038076639
1188191 1937780918 2038076653
4593532 1150664265 2038076717
2373940 815790483 2038076723
2496220 187946863 2038076737
5723929 503931485 2038076767
5050071 1538820084 2038076783
5547813 500591789 2038076791
203516 1131076217 2038076827
954971 803331681 2038076899
1933382 723450687 2038076923
4680411 611130463 2038076951
44453 1779533573 2038076987
526564 1975879618 2038077001
6863263 1346955956 2038077023
661112 1497075411 2038077037
3467446 1182527926 2038077053
2450539 1236074452 2038077073
7177499 602976083 2038077089
7319231 80810379 2038077091
5958781 2023321099 2038077101
8074594 2012913768 2038077143
40460 339140005 2038077157
2816307 411616565 2038077187
1948377 1168055365 2038077193
5182617 1039699186 2038077203
846426 956423832 2038077247
7895368 247733186 2038077263
5910259 1185765418 2038077269
7991704 1345980415 2038077271
7915044 60233080 2038077281
3415770 1060608046 2038077289
577210 1885031869 2038077337
1901205 1319224640 2038077347
7269028 1685448288 2038077397
2873895 1823643278 2038077413
1004072 1748011877 2038077467
1538389 1522492474 2038077479
2466313 9947490 2038077499
244978 1477565969 2038077539
807057 218947180 2038077553
6533254 103399477 2038077599
6986940 421084031 2038077607
7769596 1145871660 2038077619
5764300 1172167032 2038077641
1928853 1461033511 2038077659
7537698 1813671084 2038077683
1103358 984895836 2038077719
5643781 441368949 2038077721
4139131 1572604192 2038077799
7348703 2014729408 2038077809
5203487 1618257146 2038077829
5386063 1400153342 2038077869
517991 766984203 2038077871
6552406 16307125 2038077931
3215792 1069703891 2038077989
4036 1802755251 2038078027
5125197 1315747960 2038078033
4985245 1025019915 2038078051
2986732 1692942874 2038078079
7533976 364192228 2038078109
6542459 61870703 2038078121
3972249 901134566 2038078129
2942346 1530892608 2038078169
5564410 676391383 2038078183
2999749 178083509 2038078213
8077289 646495966 2038078223
4269789 1032069782 2038078243
435440 744252132 2038078309
59643 1475159594 2038078321
3691509 377621158 2038078331
1185109 1696082598 2038078351
3270197 946563525 2038078379
1046709 191003599 2038078391
8067743 1661594328 2038078397
7499066 603805257 2038078409
2409160 528568629 2038078411
713969 592815452 2038078421
6927228 2029363521 2038078423
7359300 514249834 2038078433
4349992 801674732 2038078447
4313960 246777121 2038078457
578818 976325099 2038078513
2503313 334478781 2038078571
7049252 731453755 2038078583
95082 1874777623 2038078597
367123 66028499 2038078639
1310654 1257317035 2038078657
2619064 475492788 2038078661
1356381 1797331937 2038078673
5281911 804980262 2038078687
2620731 360254215 2038078709
2734051 1296094166 2038078741
1346760 315300231 2038078759
5537965 890104913 2038078771
563627 1885987118 2038078789
1075364 689597773 2038078793
4150195 1776005296 2038078817
6344070 393297151 2038078837
5221616 882814108 2038078843
2702449 1556632997 2038078853
3699397 142821790 2038078883
1850347 973651944 2038078901
5973224 49408127 2038078937
127309 1444187663 2038078951
7142180 567049996 2038078981
1788314 365531442 2038079003
8065096 730806470 2038079033
2405862 811915593 2038079039
515078 1869414212 2038079047
8027215 421120403 2038079093
6096071 1926048081 2038079117
3013307 1426711097 2038079191
3331816 580249607 2038079203
7829330 1991218786 2038079227
6776785 1862924503 2038079233
2836983 1358089711 2038079273
3069119 636600581 2038079279
6754091 1561333556 2038079293
4803119 378708852 2038079341
7392037 1311714325 2038079419
3306211 1356313485 2038079423
2640298 759915609 2038079453
6662784 752577426 2038079467
3790316 15383839 2038079521
5702356 764837975 2038079551
2255351 1464190236 2038079569
935701 342456511 2038079573
3400847 1811723445 2038079587
3173718 122329755 2038079591
6689588 406004850 2038079609
3153273 1024264153 2038079623
6235884 1053780684 2038079651
1664661 541442267 2038079671
4286154 632580595 2038079677
8068876 2029850050 2038079713
5771562 634161330 2038079737
1929059 1858701377 2038079789
819508 860995707 2038079801
1973675 614527760 2038079803
2341045 411792907 2038079819
5624734 872148611 2038079873
1394609 953982459 2038079891
2678032 328023597 2038079959
7459511 95827878 2038080001
3591943 1247869503 2038080013
5243066 2037994442 2038080019
1855660 1298126066 2038080041
6564821 663733035 2038080097
6638361 844068008 2038080103
1220611 633856764 2038080113
7306381 1559341627 2038080119
4967733 1660422945 2038080131
3461778 375357885 2038080137
4543831 962633108 2038080167
3596270 312745337 2038080181
6867446 1933427781 2038080197
5936601 1666288157 2038080199
3297784 939300542 2038080203
5602067 1507215028 2038080227
7782381 452506245 2038080263
4935257 1330669139 2038080281
5167127 1178852739 2038080307
6997480 94818843 2038080323
1999878 1264485256 2038080329
61994 1356261444 2038080367
4867603 1849063883 2038080397
333269 626157103 2038080413
5025628 1908796821 2038080427
7330853 1687258942 2038080431
424589 1740992306 2038080463
2850186 1351590410 2038080493
4982088 490678647 2038080511
1442340 978048280 2038080529
4877410 1113161537 2038080553
6358508 521374711 2038080559
3947923 932353397 2038080563
8036207 1953076972 2038080587
3168464 553561779 2038080613
3032175 1955563730 2038080617
781358 468453459 2038080641
420986 480302005 2038080643
6612551 170659121 2038080659
2918985 884382060 2038080679
3706614 756354461 2038080701
1185486 1833928442 2038080757
3899144 317015360 2038080791
297583 971550225 2038080799
5996691 157025736 2038080827
2586822 1389852915 2038080829
1376249 420271902 2038080857
3208062 114263015 2038080893
1049958 55697338 2038080901
6383545 1091472487 2038080907
514660 1983056094 2038080929
1181101 1417262084 2038080959
4767470 188449640 2038080977
7085215 264437991 2038080983
3095303 599017109 2038081021
5515567 978967222 2038081039
7906219 2030927283 2038081051
7584626 1781068795 2038081061
3753948 1054942512 2038081063
2734229 1742423210 2038081079
4977969 1372631099 2038081127
3335666 559187089 2038081139
5705517 28685312 2038081147
7688331 1373349285 2038081211
3396006 860267196 2038081219
2599110 1460101682 2038081223
5086957 697691985 2038081229
6893170 1140292003 2038081231
2923912 1850494743 2038081289
6894718 438594520 2038081307
5127912 937529745 2038081349
6643835 697878524 2038081373
2235483 686046195 2038081403
1871308 954376873 2038081411
6150623 324752830 2038081457
2527388 922213564 2038081501
5718975 294845487 2038081519
6200082 1338183678 2038081559
609058 980702003 2038081561
2413710 1142250615 2038081571
3733011 30577326 2038081603
4252621 2017498124 2038081627
2547725 14113261 2038081637
4596457 1442815736 2038081651
6542181 555151769 2038081657
3120607 1628191148 2038081699
1848903 866310055 2038081711
634876 855095798 2038081723
7276131 1446684899 2038081739
3199979 1964372075 2038081753
22365 1897314248 2038081847
5946277 37928438 2038081853
4134791 1979363260 2038081889
3487187 83330576 2038081897
3780223 419642836 2038081921
91004 1544911081 2038081931
4450790 415271362 2038081939
2642940 710197073 2038081951
31395 1303642439 2038081961
896341 1433952729 2038081967
6253823 1305103305 2038081973
2939181 1946757035 2038081999
412297 370512339 2038082021
3914468 786286239 2038082027
914764 277105935 2038082083
1579812 1100506691 2038082089
3694028 1501714138 2038082147
4214605 1903449895 2038082159
3419909 590494562 2038082201
6515525 229659785 2038082219
5345699 7133431 2038082227
4545596 1917865639 2038082231
6351061 345513542 2038082237
2895889 1235197658 2038082257
7459721 132516483 2038082261
2079036 729073005 2038082269
4528575 1010354662 2038082317
7253331 1850418187 2038082339
5422012 858811203 2038082341
7555494 1723128585 2038082353
5026462 935689953 2038082381
7444773 1213557350 2038082413
6986008 164647439 2038082483
3845559 1093550800 2038082491
6836590 1060561477 2038082521
1481560 2004168569 2038082533
2121955 1591786972 2038082591
5329267 160274436 2038082611
5297340 1603242210 2038082681
1112533 1564057241 2038082687
4162811 219539853 2038082699
5664436 415888822 2038082713
4697781 1003776202 2038082719
6290277 571409813 2038082743
4464575 35119355 2038082749
6023659 1447409399 2038082779
6436923 1148702936 2038082789
1571760 1683205102 2038082819
6317337 442894973 2038082833
3053821 1346351695 2038082867
7883627 277069195 2038082869
3946486 106660513 2038082873
3557261 1652141579 2038082897
5799652 346739047 2038082947
6852562 1451036452 2038082993
1873751 274676448 2038082999
4444747 1768329139 2038083023
2339006 451713501 2038083037
1482185 1537118059 2038083053
253727 1154756851 2038083059
4848344 1432591526 2038083143
1509837 1811224233 2038083149
228558 1243278746 2038083161
7573233 2037798102 2038083211
2732287 1145215833 2038083259
1717944 1883619344 2038083319
95956 1420108152 2038083347
5659492 1500319177 2038083361
4552820 1983223559 2038083367
5882030 786012070 2038083379
6878415 1773239252 2038083389
5284049 1416190824 2038083409
7070440 1587457181 2038083457
2484299 1569575895 2038083493
3899215 124445368 2038083497
1842321 1373170228 2038083503
51786 927762314 2038083511
5617562 984396345 2038083527
5023298 171962809 2038083533
2797162 1632622105 2038083559
3959513 1906573773 2038083577
1623453 1243160501 2038083629
3314483 488830557 2038083631
5229818 882640819 2038083661
3471104 1868165153 2038083673
2145039 1441559528 2038083683
2811780 1853361360 2038083689
6634504 959139281 2038083737
7691663 90272828 2038083821
6685461 2028981691 2038083829
4405873 30534840 2038083847
13196 676666663 2038083851
887769 839700151 2038083877
989165 1953721434 2038083881
895046 351449719 2038083907
1501990 1246018722 2038083911
7576520 790358344 2038083941
7324661 1700254612 2038083959
1803403 1247898377 2038083961
4816959 1856804143 2038083973
5025861 1300845941 2038083991
6939583 892096790 2038083997
3798447 178749282 2038084031
2904370 116859001 2038084043
7364092 564100072 2038084051
5077558 1302293391 2038084063
3898946 1745433610 2038084067
167959 928931447 2038084079
2040806 548756887 2038084091
7452818 590631480 2038084123
2765576 985696794 2038084183
981532 422462013 2038084241
189532 533926238 2038084331
7140249 1535551195 2038084333
5875199 807675536 2038084337
6681935 1597006932 2038084379
2280870 1248506409 2038084387
3507754 1039672560 2038084393
6401824 291032881 2038084403
4146768 391783462 2038084421
3402571 788478740 2038084427
3816025 1879841944 2038084483
4664960 1381695132 2038084501
7287296 1121714616 2038084511
3644545 393656906 2038084519
6647883 750867660 2038084523
3254563 1931416260 2038084541
3621174 598418199 2038084549
3482265 282009085 2038084583
4540595 517852920 2038084589
5296626 1480090820 2038084619
1459899 1275642216 2038084651
5148533 620612803 2038084679
2277541 1340304146 2038084693
6123669 1451263260 2038084709
6363897 608367313 2038084733
1457255 233407734 2038084759
5568169 1955042201 2038084771
4518584 122079189 2038084777
5850779 65176175 2038084819
4026370 1696583789 2038084861
3409322 58529383 2038084877
5788436 88416966 2038084879
5391819 891440686 2038084903
1540665 1726254274 2038084907
2290195 1120846606 2038084931
1246325 482576691 2038084957
236918 1592139321 2038084991
7558282 402992071 2038085041
6110298 113228513 2038085051
1476346 889272354 2038085053
747365 1794085831 2038085059
735175 76546577 2038085083
5019674 910378346 2038085107
1173378 1644672951 2038085123
4383409 699084710 2038085183
522794 1333329806 2038085191
1938212 300614183 2038085209
3710622 1721087056 2038085249
309425 1622862798 2038085263
6285905 492073181 2038085279
3894785 769202637 2038085281
3956592 1107856742 2038085303
7124752 685887812 2038085323
2022438 411805446 2038085339
2998669 1853316667 2038085353
640151 970480341 2038085383
330350 870783394 2038085419
4538129 1460187899 2038085431
6656660 1343255404 2038085447
1461249 950338722 2038085449
4323625 932136077 2038085509
3949284 270393477 2038085551
7303364 866228381 2038085561
1285915 239228838 2038085563
5487040 723356086 2038085627
955443 806163131 2038085629
2087558 218156810 2038085633
6902928 922615278 2038085653
7513828 1037114315 2038085657
4155171 1407536321 2038085771
7626806 1223602026 2038085779
1170832 627142658 2038085789
1052628 1411258237 2038085813
2472832 599133981 2038085831
5419906 2036338576 2038085873
4524260 364671416 2038085879
4607429 1287427272 2038085887
1090385 1022102344 2038085891
3420446 1282348610 2038085893
2904306 1794922715 2038085897
1650723 1729057329 2038085899
7213556 1226801352 2038085909
5218743 727725459 2038085963
4881150 369491775 2038085989
2351727 282433297 2038085993
7630926 211785143 2038086047
7681504 1678617059 2038086049
386686 1593839429 2038086073
4725477 548159663 2038086077
6673310 1325831475 2038086107
3869552 1920105037 2038086187
7820171 1620111833 2038086217
5171197 240409963 2038086223
7917198 1652372980 2038086229
6107051 1943981404 2038086233
3460195 271580543 2038086247
7692514 231137092 2038086257
3537173 1891952208 2038086277
287239 900012086 2038086283
1271803 886746690 2038086307
2341545 1339579447 2038086313
4111595 1129804886 2038086317
4818983 1436253140 2038086359
923014 923181221 2038086371
1839335 598878761 2038086377
442729 2033404318 2038086397
3853750 1296001467 2038086403
7735119 139028332 2038086431
6623513 239554390 2038086451
5478795 121862012 2038086473
2710135 505254345 2038086487
206536 1684433329 2038086541
1716063 343170936 2038086553
3484062 1521837498 2038086581
6503188 1552768501 2038086613
5231294 65422870 2038086629
2203626 876595048 2038086641
342339 1882075101 2038086643
4534288 972510853 2038086683
6931874 124087275 2038086689
605272 143877287 2038086703
2856287 757846414 2038086707
1348209 1696938270 2038086719
7808040 639013769 2038086727
5280889 553664686 2038086731
474391 1782743611 2038086763
2174256 520109606 2038086779
5290455 177836442 2038086821
3217918 519856738 2038086823
7367866 291422461 2038086907
1102360 323201879 2038086923
394854 344851623 2038086931
1682514 758120882 2038086937
329628 181267218 2038086959
5587727 1004494762 2038086977
4708732 1869907858 2038087031
6702584 1681125255 2038087049
1228739 606235386 2038087057
7323380 595230951 2038087061
6381106 1099911176 2038087111
7719383 1710876596 2038087159
262726 1038604844 2038087171
1582658 233348663 2038087187
2579016 1125335923 2038087217
1696812 101706727 2038087229
6094495 1304347061 2038087241
7882956 2031400181 2038087253
8057226 1273609073 2038087277
2323314 929487935 2038087283
724203 1008187088 2038087291
2315551 6862388 2038087319
4750136 1105727417 2038087321
1645276 1237435698 2038087333
5679063 1691813376 2038087349
1308827 1310451935 2038087351
2558096 278522660 2038087379
7359593 833507374 2038087399
2803306 2028234742 2038087417
1746983 115788580 2038087427
665646 1538523865 2038087453
5223338 359421085 2038087501
2154419 1782771290 2038087537
5435556 167822477 2038087561
390569 799822925 2038087577
3227548 684498406 2038087631
3086284 1562857561 2038087633
2603039 1220215471 2038087637
2040548 1964350044 2038087643
3863994 431778060 2038087669
2828423 740733625 2038087691
711800 1630420693 2038087697
4189798 233822295 2038087703
2427013 1014719365 2038087717
5701127 854018480 2038087739
1525256 1772979548 2038087747
4818055 480721635 2038087759
457971 1154073015 2038087829
916681 1456686946 2038087841
6302216 162441862 2038087867
6533506 132199495 2038087879
1966385 1210259021 2038087903
2160553 386170558 2038087907
7199864 842841909 2038087939
5504883 1802775240 2038087943
6590741 1398991553 2038087967
1240415 311401786 2038087969
3492289 71759957 2038088009
5358607 796984615 2038088021
7621881 1391230703 2038088033
5862657 1089319363 2038088051
329136 1503892759 2038088069
3298582 197248300 2038088083
1669519 1771698168 2038088099
553810 46087248 2038088111
6697092 1209590684 2038088113
3104979 1439888147 2038088159
7903834 683017484 2038088177
4613118 331696789 2038088183
2205331 598193488 2038088203
2504514 1927326147 2038088249
2770065 705482011 2038088281
128273 42617834 2038088317
5523275 1000724112 2038088347
6800491 829891950 2038088357
4388856 194869394 2038088363
853503 367828217 2038088399
7130952 1318565957 2038088411
4898340 272267623 2038088413
7888344 67354978 2038088449
5717311 1181351261 2038088467
4082756 1959589126 2038088471
2045870 1697897117 2038088543
7141555 582871454 2038088573
283597 67553890 2038088579
4578756 43598417 2038088671
3938273 275095200 2038088687
3596879 137362781 2038088711
3724129 222458981 2038088737
2711832 1341231706 2038088771
2672915 454094724 2038088783
4799575 1166707561 2038088807
6222098 320208632 2038088849
67940 2037066170 2038088851
3744534 384990280 2038088863
2825753 1489789685 2038088869
6254793 230970117 2038088881
2336645 1153810453 2038088887
6767029 1707842644 2038088917
843458 1166162510 2038088929
5286671 718848410 2038088951
3656511 1157617433 2038089023
7799655 214153056 2038089037
3508781 1635941424 2038089073
7502175 1072963888 2038089089
149654 1430921600 2038089091
5487363 611272544 2038089121
1237349 734770049 2038089161
6652655 464364756 2038089181
1122100 1579446838 2038089187
2101865 1501236954 2038089191
5237855 226184567 2038089233
5504498 112219127 2038089257
6760116 1174281253 2038089259
2201437 1564294372 2038089323
6491063 1785721391 2038089329
2238963 1008945300 2038089331
6123203 1685990962 2038089337
2298208 1210802545 2038089343
7727069 847274845 2038089379
6449650 905216285 2038089433
7221685 899501614 2038089439
7216648 792715463 2038089499
1493939 471818067 2038089509
2088550 1523389508 2038089517
4954159 875459326 2038089539
743375 315564167 2038089551
6773663 1483377314 2038089553
6466751 924105632 2038089589
3392921 859836560 2038089607
2099889 577406481 2038089631
3554020 23031129 2038089649
2195155 1578424653 2038089671
6377034 401545746 2038089707
4032204 1215984104 2038089709
8064129 589556989 2038089749
251779 669825414 2038089751
5077453 1906039775 2038089773
5921789 1708592600 2038089793
99126 345899876 2038089799
5311121 722900923 2038089827
4321437 987353652 2038089841
2986209 368955176 2038089881
4552752 1785576337 2038089901
7401502 284609021 2038089913
4847895 941165575 2038089919
1875638 231441864 2038089941
1259928 1033795849 2038089979
7877319 1185821202 2038090039
3744782 1564063719 2038090057
4847193 1341513110 2038090063
6834385 492220171 2038090123
5479540 890191699 2038090177
412409 461762274 2038090189
8067140 1050226327 2038090193
7410858 132339347 2038090213
3774046 1632926964 2038090253
1046694 1764691192 2038090259
7775277 597373373 2038090267
6668881 1454951651 2038090291
5709276 1626057980 2038090297
6606101 89761127 2038090303
4707741 468714204 2038090321
4898469 960664096 2038090343
5449862 1772990588 2038090387
2563983 228250074 2038090399
7204482 1034788518 2038090403
5559432 1968368677 2038090409
1698445 830583477 2038090447
4516188 1912453143 2038090517
63390 1631283562 2038090529
6239184 484628693 2038090547
1588691 737074509 2038090553
4478890 227893240 2038090583
2364400 67566264 2038090601
3175100 413131258 2038090609
7176285 671242601 2038090619
4261616 735872507 2038090627
576907 617716649 2038090643
2347265 1272881823 2038090687
7649329 705973173 2038090693
5623409 1028196713 2038090699
2367633 427394439 2038090709
6198688 1034770947 2038090711
1049249 1121754702 2038090741
7528708 944289392 2038090757
277515 1177358677 2038090759
4478259 495866788 2038090777
1092540 1106241650 2038090783
923497 1696436992 2038090787
502411 1221794186 2038090807
2907918 1596119957 2038090837
7516239 303891422 2038090871
3254783 1298729655 2038090897
3166590 143263377 2038090907
7647083 1711414419 2038090931
3148910 1404425986 2038091021
6830381 1765895606 2038091089
7526586 1436731271 2038091093
3278059 1571251838 2038091117
3267738 35782255 2038091123
7530072 1583197444 2038091129
917444 272136319 2038091141
5739285 1822619182 2038091173
6993716 317380557 2038091197
2624391 1647311021 2038091233
748082 1731020477 2038091267
5913381 794827428 2038091269
3119804 1685617227 2038091273
4023685 1752840637 2038091287
4559792 1300124843 2038091317
6010702 1549140448 2038091327
1735873 721287894 2038091353
5569541 1567061020 2038091399
8034734 1497461193 2038091431
907856 326474932 2038091437
7869425 1791363944 2038091441
881154 389297053 2038091443
2053949 1073464832 2038091459
2590205 1555159537 2038091491
465946 1549173172 2038091501
4313629 1624788736 2038091513
1287258 1780797170 2038091537
6508323 137963095 2038091567
815687 692575137 2038091623
7571520 1989677086 2038091641
5079109 1080702170 2038091647
7168979 261011143 2038091659
2090990 755280909 2038091711
6674109 833642190 2038091717
1279677 632920889 2038091719
5297160 812688600 2038091749
3739027 1796923570 2038091761
2452877 1553870509 2038091771
4448980 1559080951 2038091789
7888540 1599689860 2038091819
6791627 740814162 2038091821
3017750 1552926993 2038091863
7409704 1386561033 2038091873
7801601 1844493136 2038091897
2597909 2011631022 2038091917
6995330 982218886 2038091947
3270408 910380703 2038091953
6813746 874660300 2038091959
1683985 1692300445 2038091963
7496320 659532399 2038091969
5067267 1914857475 2038091999
1281710 1392689412 2038092011
142293 844424078 2038092071
3456710 1589880249 2038092163
1020072 669834159 2038092193
3546610 378911919 2038092197
2333687 401283514 2038092211
6300974 200987999 2038092233
5704934 952764510 2038092239
5347207 1197776434 2038092281
2827874 705896221 2038092299
5983685 1484519008 2038092319
6724323 1894634073 2038092341
4123757 1040188060 2038092347
2723566 1743425597 2038092359
5713613 1941278151 2038092373
42064 572902770 2038092377
1666523 410695790 2038092383
1740808 429356230 2038092403
7222724 1757467083 2038092409
7265460 606033108 2038092439
2387983 763658411 2038092461
7236723 355419575 2038092523
7795725 1072553116 2038092557
3399076 941073411 2038092577
3562408 1694933400 2038092599
4055605 2007284088 2038092607
6716457 1656515462 2038092619
1848318 679500369 2038092647
3184925 1842820742 2038092649
1728729 519356127 2038092709
366599 1949344618 2038092713
7788717 510152907 2038092733
6481418 1372193809 2038092743
3317519 1012830466 2038092751
1240012 300915193 2038092781
1103998 479205443 2038092851
1986856 757282006 2038092863
1091562 1205732100 2038092869
6141070 1655628459 2038092871
1972104 857339293 2038092907
2999392 339197156 2038092911
2010668 346332179 2038092919
6736063 839888118 2038092949
1441141 1622735008 2038092977
6700711 578439063 2038093003
6925879 843792172 2038093027
7091821 43758960 2038093037
3683148 1797246802 2038093061
7422206 1085632200 2038093081
6579455 1977337890 2038093087
417442 1511332121 2038093091
6326873 411013835 2038093097
7764806 602633804 2038093139
17315 607423507 2038093151
3170300 1249736817 2038093193
2287202 339074316 2038093207
1556168 220171803 2038093219
2241095 527409241 2038093243
5873250 115519537 2038093279
7558045 237069866 2038093283
5209500 1416924025 2038093339
6292344 537742456 2038093361
4805734 1126830300 2038093391
6456424 409427203 2038093441
6610616 941172919 2038093493
7053968 1201808515 2038093511
3758644 654728938 2038093531
2289835 310674749 2038093567
1853707 531576331 2038093579
1213084 1438219496 2038093583
3363617 1733594716 2038093591
4814249 611450761 2038093601
7237219 310787867 2038093609
1397057 1160737466 2038093613
7773243 580933563 2038093649
7093989 1632761428 2038093679
5004171 902489199 2038093751
4206836 738999699 2038093769
7617799 1112008245 2038093781
2314877 1359083452 2038093787
1675294 1861435015 2038093793
1264236 198907310 2038093819
1734213 809290488 2038093873
5334288 1341088236 2038093901
4917104 1230833949 2038093907
6037950 1202395643 2038093931
3727450 975738053 2038093933
7425596 610092293 2038093951
7783914 569645426 2038094057
6727442 1980132687 2038094117
6939515 775459009 2038094159
5912535 1054457078 2038094167
1504559 185031440 2038094173
6432954 1111407178 2038094183
4321472 329370979 2038094197
2563922 1383409340 2038094237
356324 762647906 2038094243
5547109 1692308248 2038094291
7264288 915544455 2038094293
3185116 1135080331 2038094309
5302038 1387497821 2038094321
6754509 1769891006 2038094327
5105408 1222465431 2038094339
5005909 1690641821 2038094381
4892613 1088810456 2038094447
3354716 528706422 2038094449
3217105 336211785 2038094459
426758 1690772469 2038094477
2634000 1096458217 2038094479
662646 917538128 2038094501
7082722 1219739937 2038094533
1895520 704567351 2038094549
5290931 360827031 2038094579
2963536 122994393 2038094593
6278549 929750446 2038094599
6051829 1051784805 2038094609
6265101 67766705 2038094627
4997341 1979834289 2038094629
3254112 2035976633 2038094651
3378352 243121216 2038094671
1844898 782009222 2038094677
2364581 624996844 2038094711
5331024 1125977088 2038094719
559378 925017350 2038094743
578594 562865086 2038094771
1241681 1042137387 2038094777
3247443 199095170 2038094803
5441224 1932400608 2038094809
6918990 631573306 2038094813
6789224 1123768474 2038094819
4786581 321893949 2038094833
7499891 127121002 2038094843
8005096 935501396 2038094873
4788929 405509622 2038094881
76090 333009941 2038094899
2998103 573819866 2038094911
7470629 1703561772 2038094921
3407852 1840212496 2038094923
164995 1257220040 2038094941
7570049 1187047581 2038094959
6991633 1187444194 2038094977
812841 1339244834 2038094999
5968576 427468549 2038095023
1873353 1202220173 2038095047
6890257 1168310249 2038095049
923602 1285947948 2038095053
7146115 303603172 2038095071
1128802 1111098783 2038095079
6207678 811952898 2038095083
3015383 1702883689 2038095119
4546908 1852146113 2038095149
4696833 1939616114 2038095193
1793649 1523552939 2038095223
3018706 532703177 2038095229
6501317 1436900080 2038095289
2474279 97387650 2038095313
6960298 1785816357 2038095317
7522179 43820615 2038095359
4302156 715641381 2038095361
4706482 447592438 2038095539
4198617 62918854 2038095599
2703599 2014890128 2038095601
6901073 1869843903 2038095607
3706789 865242939 2038095613
1513953 626171757 2038095721
883841 1805815006 2038095737
3126832 694091002 2038095739
2641065 1423529095 2038095749
7442289 798842413 2038095751
2792739 1558086598 2038095767
2578296 662917510 2038095769
2130132 1733357820 2038095797
693085 877405266 2038095841
5943514 816800773 2038095853
7425439 746816159 2038095859
5806199 1629003249 2038095883
574986 853083935 2038095907
3497291 1375385329 2038095953
1857658 1752368440 2038095977
3487472 1206985751 2038095989
7222252 568018544 2038096001
102085 133282629 2038096013
4721829 1762827319 2038096063
3605494 264438068 2038096087
1574563 1373590864 2038096097
5959092 1837622615 2038096117
2609700 907328431 2038096163
1339189 1751642735 2038096201
3390740 1720019538 2038096211
7036139 1795121622 2038096243
346333 2019782077 2038096259
5354692 591480885 2038096301
6572111 555272975 2038096331
6689285 440118542 2038096337
2548681 1068017825 2038096339
2056581 763862918 2038096343
5168149 39958343 2038096349
5146744 1319419156 2038096369
6732478 1114933029 2038096433
4247177 1978797016 2038096439
2822279 1905173033 2038096441
187551 1533087430 2038096451
7872207 1284334326 2038096469
7907049 315114864 2038096471
5542253 1644001194 2038096507
979856 1816480389 2038096537
5570789 1855076437 2038096547
1634706 1706157852 2038096553
7051463 153980210 2038096601
6603660 312865636 2038096607
4755007 1488919028 2038096637
6005774 451865250 2038096661
3108390 1157128460 2038096667
1519977 1905820172 2038096691
5429366 1948311407 2038096703
2869534 1628798206 2038096727
4970469 592355531 2038096733
432938 1696920874 2038096751
4382760 1294786441 2038096787
1986449 1219952424 2038096847
3089415 77107295 2038096859
4078310 1786204726 2038096873
7747247 1530771443 2038096903
5772952 1543579568 2038096909
4781339 1672715847 2038096939
6090548 1594453935 2038096979
2350951 802206498 2038096987
2388684 1287857806 2038096993
2872038 851239227 2038097051
2498052 873204930 2038097057
2092642 1566189084 2038097081
585734 411751349 2038097099
2615120 1406842574 2038097141
3822819 2014900457 2038097161
580211 60377438 2038097203
838548 274867695 2038097251
2674272 484405371 2038097261
7524070 715820274 2038097317
6844490 1477454059 2038097323
5578059 87333059 2038097353
6714042 186853778 2038097363
2206833 1856341325 2038097371
1975016 1805062557 2038097393
5338801 1150123947 2038097417
5302089 994868354 2038097437
1857175 1226579441 2038097443
6251290 1694150988 2038097461
771615 84225131 2038097489
4453110 1061370699 2038097507
58644 1191448888 2038097533
1677039 1016971034 2038097539
3771508 401959928 2038097549
5281730 1997507629 2038097591
4938067 1907077279 2038097623
585173 887160614 2038097629
5962114 996794042 2038097639
4270947 761432377 2038097653
1968987 463965581 2038097693
5156025 712723506 2038097767
4636685 1835975376 2038097773
3562401 2014780036 2038097783
1083894 916588110 2038097791
1637893 1025377581 2038097837
4439766 61917385 2038097839
897860 658873360 2038097843
3984068 252524819 2038097851
5096329 77871601 2038097879
4275261 722371434 2038097891
7706996 1593673270 2038097903
467441 1619727943 2038097917
5837958 1150851650 2038097933
2902450 170386210 2038097969
1008990 215933219 2038097993
1315987 761379887 2038098001
633778 2036195833 2038098017
1707012 1542962064 2038098037
7548743 1000784201 2038098059
3140157 43081233 2038098071
1151027 798680230 2038098077
3077338 1431828283 2038098079
4195606 592266265 2038098113
3707871 353540938 2038098119
519702 1906216816 2038098143
2381096 1960887742 2038098197
5756540 652789262 2038098211
428771 550825437 2038098217
615738 731600027 2038098263
1981974 499373288 2038098277
1454899 1540892494 2038098311
3139084 723191308 2038098323
7943789 447060652 2038098347
975987 711271007 2038098367
4523716 1846718749 2038098371
665973 209481978 2038098421
2629624 1496229188 2038098427
5282038 1650702313 2038098451
718872 1463257900 2038098457
5358879 1540192136 2038098467
2507595 774224463 2038098497
5438086 1358448887 2038098521
2580191 237784215 2038098539
410301 393328538 2038098547
6981982 153103829 2038098581
480345 1239801104 2038098583
1234565 281341478 2038098599
3633031 1449540190 2038098611
3749936 159499853 2038098653
4689457 1757923572 2038098659
4190141 358838164 2038098691
7343064 695919364 2038098709
3528282 1469103879 2038098731
273439 747650947 2038098739
6074457 1791319196 2038098749
483710 662051988 2038098767
1540828 1161062803 2038098809
1037649 1319112098 2038098817
7502948 226388467 2038098823
3352950 1180433125 2038098851
6273684 1384660810 2038098857
4633413 1871894639 2038098863
1444623 1676960092 2038098869
30346 1635062194 2038098883
2082703 1032925810 2038098893
399891 207081489 2038098919
4571696 1051435984 2038098961
1475379 1746038987 2038098983
94517 413767783 2038098991
4265200 1604760411 2038099027
4750376 1967624420 2038099031
2153147 1136743222 2038099073
3059495 864878255 2038099093
2477497 314099600 2038099139
720580 1676920410 2038099171
1448297 1235901848 2038099223
2808339 703373554 2038099237
2840138 519244396 2038099241
2090399 834552224 2038099249
3115539 469453148 2038099289
5622545 1835561003 2038099291
887303 28851268 2038099319
1978809 816671270 2038099339
6906179 699045008 2038099361
2014881 1391007238 2038099367
7363662 1604041533 2038099369
4710533 782384884 2038099373
2031432 1848919776 2038099411
861702 1494220838 2038099447
5632727 774200502 2038099457
7110046 231134103 2038099477
3938063 1702248386 2038099499
1610053 1665530655 2038099541
4748279 634869459 2038099561
1409040 1976295523 2038099579
4395620 479510566 2038099607
5900378 1950158771 2038099631
7169223 1211650433 2038099633
6624277 978120578 2038099711
5571688 1702036200 2038099741
5727035 683521288 2038099747
5806376 450002042 2038099769
8058297 228233760 2038099783
6074652 10036577 2038099793
7099929 965972409 2038099913
1800847 959557768 2038099919
7031231 1811810808 2038099981
6853442 754917189 2038099997
2303022 1836305060 2038100017
3033720 348276454 2038100021
6248675 614081266 2038100023
4675061 16112905 2038100039
7119746 531554293 2038100041
7321344 1732792643 2038100047
7478791 847862720 2038100059
2590763 904653416 2038100087
6762177 502589410 2038100093
7141115 1972229895 2038100117
1004555 908846568 2038100147
3674908 548897229 2038100159
6751210 746998685 2038100179
5693178 1220143216 2038100209
857089 181668458 2038100221
7386430 2022073200 2038100261
7407277 1497039825 2038100263
3003582 1428417265 2038100279
2174391 1439531765 2038100291
2588824 1149449975 2038100293
5850271 314990744 2038100297
5045864 1452541405 2038100377
4059776 1839444181 2038100387
5005205 401893032 2038100401
7962275 287326188 2038100419
1672436 749863160 2038100429
882331 210625076 2038100479
6757503 540011662 2038100507
5091148 1917226353 2038100509
5372383 2033556601 2038100521
6770615 480326348 2038100551
2350088 1555734012 2038100731
2028835 71256585 2038100737
3136972 45024982 2038100747
1906985 1923169870 2038100761
7478905 1401805146 2038100767
4456030 1264120733 2038100783
761496 47325855 2038100789
4065247 590920813 2038100819
4845608 1910080182 2038100833
3252067 19866522 2038100839
3272900 1478138190 2038100851
4333194 506717121 2038100891
5579620 1219555717 2038100893
141187 831131635 2038100957
1017378 823448995 2038100959
5703034 162812710 2038100963
6029457 1998022346 2038100989
5918522 1718239874 2038100993
6312739 1678529552 2038101017
5230905 1187771102 2038101029
7297195 877667508 2038101031
7380168 424016756 2038101041
3848535 1505157566 2038101059
7513172 391292206 2038101071
5962213 509755449 2038101077
1889410 1827060418 2038101161
428438 1180875926 2038101199
3552241 610479770 2038101203
553455 1536351115 2038101223
2630166 976923932 2038101227
6771107 1916502968 2038101257
2797362 710097908 2038101259
3937964 1753432327 2038101301
2097235 1880193742 2038101337
2875908 433065340 2038101383
2896439 1891511994 2038101407
4392753 557150598 2038101413
4601790 1790503062 2038101421
1432045 747469544 2038101427
5326844 745685207 2038101473
6612862 136562476 2038101497
2879865 2036601092 2038101503
561224 1279015662 2038101547
4082361 446664376 2038101551
2473229 1387486708 2038101563
4911467 1108217302 2038101577
3129911 745486442 2038101601
187183 929567527 2038101613
2820585 1015408394 2038101631
5801392 1819242883 2038101641
4195602 1987760402 2038101719
1882973 1816796219 2038101721
2639538 573548540 2038101733
7608574 315555009 2038101739
4732248 466658079 2038101757
1198638 816709928 2038101781
5530091 875241184 2038101833
4696233 170336457 2038101853
7969244 355496664 2038101881
1938826 140682025 2038101883
2964121 1866132311 2038101887
2776875 845392843 2038101893
1225588 1422785228 2038101929
7878467 43676428 2038101943
365162 1101638052 2038101953
1885165 1158783935 2038101977
4355183 1541530721 2038101979
4077411 614676169 2038101983
979570 341601069 2038101997
2956525 297155861 2038102007
6666705 508737457 2038102109
3588617 2019400211 2038102133
207974 1099146542 2038102139
5210040 333225616 2038102153
5328339 747307932 2038102177
3976400 227035632 2038102181
26298 1582831807 2038102189
5805825 1304179253 2038102201
1634836 1558194108 2038102217
7989596 300960642 2038102249
6383097 55102410 2038102259
5822673 852605731 2038102271
20404 1288677954 2038102291
1619016 1990609727 2038102327
5018493 281947668 2038102337
4345792 1737004123 2038102343
5291190 2003627083 2038102349
7783008 8935744 2038102351
5188568 1008797196 2038102361
5739288 899666120 2038102399
6082124 1045525171 2038102411
4224260 1070359702 2038102421
5774197 312863718 2038102481
5676242 1307444307 2038102489
7719422 995499326 2038102529
2714380 255733510 2038102541
5954064 1926452752 2038102559
2120614 410915381 2038102597
2667877 589382950 2038102607
712705 1606221862 2038102637
572533 659115465 2038102639
6266694 1840521095 2038102663
5924318 1782826191 2038102669
7872174 328230002 2038102741
4326948 1091082348 2038102747
4133183 1768284013 2038102753
332073 274661825 2038102763
808004 373798431 2038102769
1978930 1442595433 2038102789
5800222 1079734866 2038102799
3854865 1470038369 2038102837
8074049 806697906 2038102873
3434049 847189221 2038102889
7355385 1340509996 2038102901
6797762 1839679953 2038102939
1921183 1084715692 2038102961
2110137 1841978970 2038102981
6281553 1263207586 2038102993
2578691 990065226 2038103003
4383286 970131148 2038103017
6016901 704866503 2038103047
1002296 1080829794 2038103063
1694340 8806980 2038103069
23179 1558316631 2038103101
6457264 1931548329 2038103131
3006008 1119538550 2038103141
7712180 368000468 2038103167
1173015 950200926 2038103173
2161818 96145496 2038103201
3596485 562733380 2038103219
7024180 222045158 2038103231
6479198 1232695205 2038103233
7860025 417342166 2038103299
3464228 969278005 2038103377
6828758 1713304239 2038103443
66879 363141171 2038103447
3922982 1136164082 2038103479
6522594 404176089 2038103489
6499846 437245422 2038103527
3765171 1508877276 2038103537
5318996 1789654833 2038103567
1564240 1807547333 2038103581
4443751 533444445 2038103591
6137804 1592225159 2038103659
2194083 402064870 2038103663
1175075 1549231634 2038103687
3886167 889374798 2038103693
5219031 1391992896 2038103707
3915959 814927526 2038103737
3060735 440991363 2038103741
2119902 1730252491 2038103779
7749985 75845483 2038103783
684354 580093525 2038103791
254618 272300830 2038103797
7660850 347053157 2038103813
2414821 259376450 2038103833
2730190 1630334238 2038103843
567214 495222245 2038103861
6967000 1832573261 2038103917
2900372 1015675238 2038103929
5832827 1969348441 2038103987
325997 1504440528 2038103999
2509397 1483640790 2038104011
3223867 1311900627 2038104017
400470 1331241225 2038104031
7644412 787927479 2038104049
3164618 313067657 2038104077
1232856 1354974630 2038104113
4903481 82732298 2038104119
5964587 248387949 2038104121
7224934 1346825688 2038104161
5430595 1795795309 2038104169
4771160 1590285313 2038104181
5279455 769767024 2038104197
2329431 1765628627 2038104199
6255219 815692305 2038104209
7789418 1044739908 2038104247
7811637 136846402 2038104317
7689631 2023046848 2038104329
2179534 1690801493 2038104349
3458192 1871531690 2038104353
5770077 287198199 2038104371
2032945 1781114651 2038104377
2204162 1208086660 2038104401
5327366 1249935374 2038104403
2306803 1826496792 2038104413
926380 441366318 2038104463
7308721 370354894 2038104479
2574773 1398878145 2038104527
262248 1866825040 2038104533
4198700 450714714 2038104571
7107834 1772240528 2038104581
476198 350757371 2038104599
2718332 666808019 2038104631
7242646 551552649 2038104637
1897293 770225062 2038104643
705221 1695376890 2038104661
1759857 836629489 2038104671
7556170 1294603147 2038104683
7768626 88228640 2038104697
2430949 1977614606 2038104701
4296223 876159103 2038104713
7740065 1052911474 2038104769
3753584 1688904931 2038104779
7419066 884712506 2038104797
6611200 241557852 2038104799
1440415 1546698412 2038104811
1936424 81799610 2038104853
1556483 1012380046 2038104881
1177162 1205802738 2038104917
6123742 1774850014 2038104931
5523178 498555080 2038104953
2091007 1818913688 2038104961
1006973 1037443245 2038104967
5113459 1554312707 2038104973
6052708 713449287 2038104989
576449 1279518141 2038104997
4188343 1095422210 2038105021
7114701 791426924 2038105051
4492584 1595232218 2038105057
618757 430448412 2038105079
7411519 1953888777 2038105081
5234689 144174853 2038105103
116967 225295237 2038105127
842670 270298105 2038105169
4670542 533767301 2038105171
5515939 307114452 2038105183
4491756 1901818292 2038105189
77050 1498555048 2038105193
946515 1007906127 2038105253
6508497 1752461716 2038105259
1042540 1031568266 2038105273
649737 1343317611 2038105327
7558891 1783392118 2038105379
1653566 1432198630 2038105387
7899786 1992958605 2038105409
3439198 1539610479 2038105423
5820801 1782686783 2038105427
7008857 1354687872 2038105439
7990003 1246903830 2038105451
379393 772913969 2038105457
2169314 426398835 2038105477
139052 341713464 2038105483
6882749 569668410 2038105501
7937342 503536678 2038105523
1877723 1622373887 2038105543
1754283 1990030913 2038105549
7723552 1796898681 2038105577
5224450 1729367199 2038105579
6632056 861740923 2038105591
2950731 706606449 2038105609
6059862 1342843923 2038105637
4253490 1254986810 2038105679
1907745 1290571993 2038105687
4078368 1971621475 2038105723
4638926 658503501 2038105747
841246 968401956 2038105781
4391349 326902184 2038105789
2331406 695088523 2038105829
7202294 1059680419 2038105837
6867759 1844939232 2038105847
3951016 820575147 2038105879
1919346 1898687007 2038105903
7423728 245430374 2038105921
8002785 483707042 2038105931
2301211 407318423 2038105973
5569156 251801943 2038106009
5810163 805161778 2038106017
6765541 877823028 2038106029
4681469 437364923 2038106087
1021216 1421739001 2038106099
1193012 604257607 2038106101
5245349 1835398651 2038106123
2928432 1043970196 2038106143
3207398 1368466762 2038106173
4241767 1285039470 2038106209
7157365 2037603668 2038106219
967672 554090663 2038106233
7819249 55795840 2038106237
6804686 359182180 2038106267
4089638 522755863 2038106309
1966611 543164425 2038106311
7553080 1296855342 2038106321
38989 109674306 2038106339
6908292 1179477918 2038106347
666737 389738669 2038106407
4885620 61907553 2038106461
2078983 250136321 2038106471
686676 1029579527 2038106507
3101185 769707512 2038106513
3172457 1874493759 2038106531
4340568 145735164 2038106537
7007986 1093965292 2038106549
5893361 1415743513 2038106593
7938829 1529471366 2038106639
3838065 1333901890 2038106657
512906 722331850 2038106663
5857455 1251062778 2038106671
567071 2024986046 2038106683
1586943 20062735 2038106711
5793116 196617578 2038106713
3240612 1751394985 2038106723
6072568 281356296 2038106737
2534289 1349563596 2038106767
1555821 1196615332 2038106771
2648983 153009911 2038106809
2605550 602622535 2038106813
4865336 345757845 2038106869
907267 2010524012 2038106887
5898735 1804196285 2038106933
4399507 1774035014 2038106951
6470551 904399139 2038107011
6533565 225525851 2038107023
2375845 1523905870 2038107047
5500521 1951642564 2038107109
2175258 464031056 2038107139
1365436 353297188 2038107157
6525083 1027755721 2038107161
129048 1734904933 2038107187
6530443 1174513956 2038107193
2063835 364122895 2038107259
4693673 463337086 2038107289
2443824 1692951998 2038107317
4236498 1816973316 2038107319
2051660 638909928 2038107343
4093183 375635125 2038107347
6596222 1838410528 2038107353
4851827 796373142 2038107433
3983472 890788767 2038107439
2931525 1814615736 2038107457
2392688 24388033 2038107473
7784760 1381741065 2038107481
3165665 1249714271 2038107497
6884750 823050516 2038107503
6091927 969591964 2038107521
7644964 7570179 2038107529
4716774 1433733676 2038107541
715911 986509681 2038107571
2242249 1329959762 2038107601
6628018 690264169 2038107607
6255653 1654404977 2038107613
7957696 360421277 2038107703
5703073 1935446751 2038107727
5970545 446878424 2038107767
6331354 1932034845 2038107779
5429972 1160627283 2038107787
7250258 1345221204 2038107793
7546945 576488615 2038107847
6458919 696421857 2038107857
6072526 432516658 2038107887
124970 855619076 2038107899
5632540 753077178 2038107919
5419516 1507998430 2038107949
3944628 56636768 2038107959
7745719 902170860 2038107961
4819078 1078465152 2038108003
3639102 967171642 2038108021
2982047 773714307 2038108063
2191432 392791527 2038108067
4094555 1572638300 2038108069
5741820 606067171 2038108091
7147973 1722636784 2038108133
6773538 1428905129 2038108159
6743918 211577116 2038108201
2924746 2028486742 2038108249
7297419 1634655656 2038108273
5561119 1144721212 2038108279
3710549 1182525873 2038108297
3181059 913368305 2038108301
5880404 831792260 2038108307
1612190 1073757115 2038108339
990487 701998241 2038108351
870329 1271051071 2038108363
1226353 940186331 2038108379
5354060 181160805 2038108381
432558 901610173 2038108399
1896 783670594 2038108403
4613641 1173419171 2038108417
7111017 1208632962 2038108447
1706783 541251773 2038108477
4104673 323369728 2038108493
5994735 735680202 2038108543
3826531 1958382231 2038108561
5289355 1924767216 2038108571
4652525 952614733 2038108607
5753962 1375961231 2038108627
1848013 186403661 2038108643
4846113 1679835338 2038108649
1315864 1505891203 2038108651
4336164 1683647031 2038108669
1865748 1457611601 2038108673
4056046 859906672 2038108717
2188854 1279384354 2038108763
867503 1672230386 2038108781
629097 554106036 2038108817
1463885 670985075 2038108819
4651516 18778302 2038108861
1953281 148296067 2038108939
6723174 1206900717 2038108993
1272635 145826626 2038109027
7148583 131369102 2038109063
6683356 999677050 2038109069
1065355 637139541 2038109083
2104625 1413209530 2038109089
1058632 551895207 2038109093
6849319 682988443 2038109179
2753142 1521315370 2038109197
6598439 1336337509 2038109201
6846502 1144798121 2038109273
1057132 560229130 2038109279
7285446 1003661750 2038109287
2891056 1297917441 2038109321
5730549 1608696786 2038109351
6473134 691331932 2038109371
753276 1375804618 2038109377
320785 1381143596 2038109431
4126643 657428208 2038109453
7431890 1185143166 2038109497
6010095 647100828 2038109503
5759598 737969797 2038109519
7743290 2000254044 2038109527
2664630 1352751902 2038109533
5838241 1153815396 2038109561
1928186 117581152 2038109581
4076033 907541101 2038109597
944993 1668382301 2038109609
717714 981649356 2038109641
942006 1827080934 2038109669
5946033 126268538 2038109677
576177 686442586 2038109693
4612897 1472956278 2038109771
1558244 1070192796 2038109779
3893536 41521439 2038109789
653056 201031595 2038109819
2577425 392062643 2038109831
5075801 1167036804 2038109837
2810536 90839918 2038109867
4133300 404417161 2038109869
4532171 1320155724 2038109893
3868227 1929538777 2038109897
6912217 1079640682 2038109929
4053869 139881614 2038109951
2916929 496187996 2038109977
4883391 1646221762 2038109989
3181573 85633992 2038110029
4496399 1894092413 2038110037
1650943 1899851693 2038110077
2479163 761033162 2038110083
3810525 1651866454 2038110089
7657818 926951712 2038110119
2867588 1160453545 2038110197
1525990 1621387766 2038110241
5235467 1016263465 2038110281
2372268 739885795 2038110299
1882826 897150104 2038110307
7542018 1517147456 2038110329
3981521 1863606498 2038110367
5124088 798164655 2038110377
7725679 1178530988 2038110391
4176802 1288762395 2038110421
7743074 1266459200 2038110457
3040428 1653177303 2038110527
7391032 1207436716 2038110617
3450790 1226128851 2038110623
7226584 232822168 2038110673
2571096 845846158 2038110709
217461 653500675 2038110727
9126 1578994600 2038110797
2132744 1778632281 2038110863
6885672 219400152 2038110883
3479878 388215796 2038110887
2847202 165713438 2038110889
7947447 1458074317 2038110911
7839354 1749703514 2038111003
4840922 849710859 2038111007
2619573 880330933 2038111037
1225515 1168372109 2038111067
1541358 942176305 2038111111
3877958 1040257676 2038111139
3302390 758362292 2038111157
628607 225894271 2038111169
6712360 802336771 2038111177
1412257 1632117926 2038111183
7635374 853365669 2038111211
2469016 1055121437 2038111217
4706966 481438018 2038111289
6217725 116627029 2038111297
7177449 1958490978 2038111307
5275151 107011002 2038111319
6649595 1948906821 2038111333
1435759 384849645 2038111393
339341 255761005 2038111409
3336997 1330309225 2038111451
1577416 977467214 2038111469
5932758 1714254228 2038111483
3940469 1695159291 2038111499
5785840 1539779551 2038111519
4715144 438936991 2038111529
1742533 1887660640 2038111583
4962173 479976521 2038111609
7412259 567379773 2038111613
3604668 536375059 2038111643
1117853 306103339 2038111693
6978236 218061637 2038111697
5382333 141482157 2038111769
3183568 1010120980 2038111783
1027709 2002007173 2038111819
4460898 538367556 2038111843
754828 1357264846 2038111853
3628986 269438907 2038111879
925295 89516487 2038111891
4975271 674846304 2038111937
4461035 555932707 2038111981
3565353 756130316 2038111991
7123428 1423125090 2038112003
657655 1750667724 2038112047
832225 1748172729 2038112057
2629862 737592007 2038112071
2740598 274092243 2038112093
3932475 91569276 2038112117
4470514 433913769 2038112171
146984 1442395331 2038112189
2535889 1108733981 2038112203
4037156 59935250 2038112221
1898454 1948879016 2038112243
556362 1329130281 2038112249
6967445 47887748 2038112261
7236089 1950562442 2038112281
4238673 1245578783 2038112327
4727051 617499693 2038112339
6353257 610435534 2038112341
3402414 1440412619 2038112347
4285203 1132140121 2038112357
1129065 1042590142 2038112423
7060924 2012553360 2038112467
172744 851768730 2038112497
4000488 394782383 2038112537
8112245 350775653 2038112563
1352395 29735227 2038112569
5635367 370855905 2038112621
4275353 1269794759 2038112627
1410121 1874229833 2038112641
1128895 1604531426 2038112647
4419619 1376000 2038112683
3334916 1503357647 2038112693
3656559 540314025 2038112719
2523079 1462640039 2038112743
7986558 1793906598 2038112749
5925121 35715401 2038112771
1355521 1051702739 2038112807
7244832 1477354988 2038112819
3238709 1366668085 2038112851
7836479 1200602396 2038112897
2727129 1800289827 2038112903
5705662 1565150981 2038112939
63032 2026518079 2038113001
619694 794501055 2038113023
2241878 207619944 2038113047
4243731 1918825687 2038113101
2693381 1509437588 2038113131
6045453 836391760 2038113139
4308781 1068312457 2038113163
1282905 1943385481 2038113199
3987712 5498632 2038113229
5327297 392791728 2038113263
2528649 610433068 2038113277
2538558 1533877674 2038113281
3822009 1521782036 2038113331
3759582 1845758216 2038113431
6663262 83248114 2038113449
6130035 1890524840 2038113457
4189927 399252260 2038113461
881609 1662581757 2038113481
6177688 546525446 2038113509
6059080 667816907 2038113521
5310172 1789463216 2038113541
5374272 1135188101 2038113547
6079031 1013106962 2038113563
1954182 691323417 2038113577
4001140 1281311531 2038113599
5119122 222271742 2038113619
7088033 1306196289 2038113691
3772010 182436862 2038113703
1251223 927098553 2038113733
2226609 1844787791 2038113769
4004764 1407300487 2038113773
3198101 1323733250 2038113787
930446 904843283 2038113827
6639961 1441880029 2038113841
5603566 1077027683 2038113911
6814376 131096707 2038113919
1834760 564140457 2038113923
4075604 919878843 2038113929
1637701 828187216 2038113943
48223 1173050436 2038113947
6486013 1723659100 2038113949
1843526 1578582714 2038114009
3444515 2030205746 2038114051
4350656 882934114 2038114073
7397627 1051367421 2038114079
5007046 855925797 2038114109
7724032 964730750 2038114123
6594358 157674277 2038114147
8089822 362330840 2038114163
5885481 1772842863 2038114193
1860960 1550332168 2038114213
6815660 1555045395 2038114261
3640785 769150956 2038114289
5314951 260533268 2038114291
1590244 1942536248 2038114297
536902 1931948187 2038114303
3396752 19799339 2038114319
2555914 1180189195 2038114321
1211978 677981671 2038114333
684614 691297403 2038114369
7057377 583493799 2038114381
2390059 423286340 2038114391
2242916 510665423 2038114409
7506341 1788832417 2038114423
4696258 1692761252 2038114459
6001080 1997489714 2038114483
3668087 731291072 2038114487
6452838 1126881555 2038114489
3039616 1924592780 2038114511
5039531 2021544572 2038114537
6337514 368234631 2038114543
3474532 1326549140 2038114579
5550093 355018597 2038114583
7498034 1406239267 2038114651
4263525 901538920 2038114679
6854032 54703206 2038114691
1129922 256484738 2038114753
1081289 188943193 2038114769
4102675 353405576 2038114783
4254992 1234577754 2038114789
4909007 993215835 2038114861
1360624 760541525 2038114877
569587 620228973 2038114891
390802 1283558093 2038114901
5168086 1847927885 2038114907
3405149 882573357 2038114951
2816656 1818604365 2038114987
3948926 1698173427 2038114997
7445138 343637944 2038115011
5636573 1451720429 2038115033
1379407 1618639173 2038115039
1472066 133666806 2038115059
5522054 1978087721 2038115063
3027449 1792997050 2038115071
1654124 1533548290 2038115083
1518387 2020903029 2038115087
1413238 858118787 2038115089
102063 723769447 2038115111
4530593 1661170811 2038115173
7933083 1604437294 2038115201
877290 1109782928 2038115213
2100065 455841646 2038115221
7049777 620360873 2038115239
7887088 1752825116 2038115263
3097600 760197059 2038115291
7701968 1429377812 2038115341
1097221 603648411 2038115357
3097483 1450948687 2038115369
128943 1397188882 2038115377
297650 1070613961 2038115393
767575 542053103 2038115459
7367142 1024789255 2038115467
3836777 1865310857 2038115483
6959492 268146337 2038115489
2536043 1689352248 2038115509
3552081 1888201617 2038115539
7943189 1412341090 2038115557
4906539 492435118 2038115561
4226266 1034289089 2038115587
883518 731557071 2038115603
6903121 425078432 2038115623
4317994 1237628820 2038115633
5147874 798321282 2038115657
7658162 129100075 2038115671
6004493 1888473900 2038115687
5409088 434030855 2038115701
6407149 1745607272 2038115743
277909 1619038387 2038115749
6069039 111972861 2038115773
1055980 1992463163 2038115789
6459267 262569129 2038115803
2401111 1990613926 2038115819
3298099 1379007565 2038115831
2213420 1740906605 2038115857
7726759 421943065 2038115867
5761186 1954247971 2038115869
5956716 823662816 2038115897
1449555 1585680179 2038115903
483135 201071844 2038115927
3935018 1356615896 2038115953
840902 1821425173 2038115971
7132928 324669439 2038115999
3880328 235867055 2038116013
7139064 1536301751 2038116061
397180 828055071 2038116071
8066445 1870694098 2038116137
5680306 1821714661 2038116139
1073142 1481123012 2038116161
4208609 550397792 2038116167
2884166 1086991966 2038116203
3386224 1147917493 2038116221
1131202 1213577936 2038116271
1456085 440494595 2038116293
3212743 422492034 2038116299
4391273 1736803071 2038116307
3817706 313399861 2038116329
3389449 1310769959 2038116331
3532353 769570618 2038116343
3124331 1646600523 2038116371
250007 1938918785 2038116389
757946 120436449 2038116391
2310295 2014606209 2038116407
7220463 1871207511 2038116439
3014729 504489380 2038116449
4000765 909868542 2038116469
7525292 191931328 2038116481
736280 1933936846 2038116523
5691997 57418822 2038116527
2027737 1402770314 2038116533
8097193 1531011532 2038116539
4048744 960463081 2038116541
4436421 948646460 2038116559
5840113 757700873 2038116569
2973028 1314193302 2038116571
4886027 943285703 2038116583
2479322 768034393 2038116589
3258348 1747108449 2038116593
4955415 628366444 2038116599
4982780 51087990 2038116631
1181671 943169557 2038116637
6080130 245261277 2038116649
7815355 313888369 2038116667
3824055 980028751 2038116697
1427925 1276808427 2038116721
7419351 1002739527 2038116727
5921314 57282075 2038116767
6739476 554044828 2038116797
5041659 1838289531 2038116799
747232 586786925 2038116809
4108584 1450078733 2038116823
2418172 2014579076 2038116851
7530853 172536378 2038116869
5156140 1249769216 2038116907
388959 1641588029 2038116923
1002550 1826833182 2038116937
4365123 106086492 2038116959
3206196 529568737 2038117001
2219254 1887029199 2038117021
6902073 911127468 2038117027
1440686 154736008 2038117033
1389965 1091644300 2038117057
7550972 1040577388 2038117069
6231028 1360323406 2038117111
6662088 1028701596 2038117117
6762836 997347817 2038117127
4120217 963872447 2038117157
4974358 207971535 2038117163
7789366 1770557469 2038117171
1173611 1534784228 2038117189
3989217 1463699997 2038117217
7557356 1259518791 2038117231
7985080 1410325892 2038117241
561875 1211080232 2038117243
762426 766872207 2038117253
5914441 311688814 2038117297
350153 1944048630 2038117321
3463873 1329700461 2038117337
647370 782613082 2038117349
6502945 1470772065 2038117379
3021111 433201165 2038117399
1335191 1816525513 2038117439
1022003 205377730 2038117453
1668021 1144097297 2038117493
3656384 496194045 2038117507
4411066 1332602596 2038117513
7148106 43547139 2038117531
1169856 71260391 2038117553
6020924 1167313108 2038117589
1483018 1569730820 2038117591
6132586 13761408 2038117619
1550863 1242520331 2038117639
2207270 809977221 2038117649
4912499 711639498 2038117691
6834400 498189937 2038117721
5856033 388402946 2038117751
2702983 1884947016 2038117769
4781989 31787121 2038117789
5967239 749822105 2038117801
4129569 409140885 2038117813
4946522 301706983 2038117841
5440008 370337561 2038117867
776589 671268699 2038117877
1434240 1096451325 2038117891
506374 1838700326 2038117903
6277376 941805880 2038117927
6565938 1304875982 2038117937
4053513 160401193 2038117993
6108574 909733794 2038118023
1518919 1415905068 2038118051
198821 1099397692 2038118063
6335876 657495981 2038118081
4630083 1674736226 2038118123
3027129 1812385059 2038118141
362539 1687590436 2038118161
2317000 1590528408 2038118167
5769737 779264115 2038118177
6528391 387137809 2038118179
6856849 521710365 2038118183
5382632 1416083937 2038118191
5894872 887522374 2038118213
1891288 864765425 2038118263
1988365 1621204423 2038118273
1625541 1757909058 2038118279
3547011 974041361 2038118309
7571269 402463868 2038118351
63647 629798415 2038118417
8009307 652353378 2038118441
2644578 1277698956 2038118447
194045 152936329 2038118461
1815408 1689604294 2038118477
6576291 1279210036 2038118501
7009699 1240524724 2038118503
7491934 974470153 2038118561
3655852 2012945938 2038118587
5945945 1198272106 2038118603
2613193 538341466 2038118617
5113988 1260191977 2038118647
6037946 1778992557 2038118659
3175859 139821084 2038118681
3679959 798160742 2038118743
2376120 687862648 2038118813
5233026 1165171256 2038118827
4527110 328839286 2038118837
3900786 881864839 2038118861
6512210 1467827683 2038118891
2716650 134320358 2038118903
7472959 693549457 2038118909
3318074 52296528 2038118917
3698861 1467874452 2038118939
3365205 1105009697 2038118959
5968602 2021577823 2038118969
6429672 1058628197 2038118977
3351037 1145751164 2038118983
7151070 929297028 2038118993
5880453 174688657 2038119023
7305536 1710963938 2038119049
4853186 239426632 2038119067
4879280 436927800 2038119071
2899669 1508144343 2038119077
5736471 702375027 2038119157
4897172 1558129240 2038119197
2564842 1670605259 2038119221
4609339 2024944735 2038119253
3518137 1360213765 2038119287
7088127 444945954 2038119311
2486973 1326330380 2038119323
355212 232698791 2038119337
7170727 398460979 2038119463
6018671 1591513223 2038119481
5356721 423218461 2038119497
3294865 1475001566 2038119533
4033202 140329217 2038119557
5174501 901875003 2038119571
7358337 274640797 2038119619
3513391 1522732876 2038119637
3331345 602681416 2038119649
4820111 691975774 2038119653
6224451 1929915827 2038119661
3852925 228835871 2038119667
3375940 1272688109 2038119673
3756418 970880765 2038119689
7485315 57069273 2038119691
5661210 2024391382 2038119701
2753737 621881372 2038119731
635488 1445560844 2038119751
3428883 373587735 2038119757
6537343 127307546 2038119763
6063049 199995310 2038119767
7567548 731674020 2038119773
7454555 1065697004 2038119779
2809652 1041293496 2038119781
6263164 499625466 2038119827
4208788 274882292 2038119829
3135757 432221514 2038119883
3908793 92966560 2038119899
3512539 17077893 2038119901
5593204 281090759 2038119943
4822355 484880250 2038119947
629565 933801916 2038119959
1884857 626959854 2038119989
4886846 274615561 2038120001
1456636 700668928 2038120027
1391951 229025372 2038120033
4310222 781022500 2038120037
6673794 1186800593 2038120043
7033572 565281428 2038120081
7987538 391806507 2038120109
5223517 1317745334 2038120111
3972367 273733979 2038120121
6466060 1174346112 2038120153
3339583 720197697 2038120159
7255876 655752596 2038120193
4058179 1613718483 2038120199
5671174 1235507564 2038120213
4273076 880220195 2038120223
165981 764922677 2038120237
238124 416576355 2038120243
3963765 1798640736 2038120307
4242999 1712724602 2038120333
556224 1950420446 2038120339
5838679 623109911 2038120351
1940352 90775271 2038120387
1754311 1897533301 2038120397
6628805 1450105296 2038120411
7599338 1322456806 2038120417
1972041 1917588210 2038120421
4500851 331616805 2038120423
3214147 632836998 2038120453
603327 814446665 2038120501
5592395 1497581074 2038120561
3191251 310309119 2038120577
4106408 810306398 2038120621
7051092 1659386792 2038120631
1126785 1576868495 2038120649
8039167 1260332151 2038120657
7217237 621485403 2038120673
5927933 1940100658 2038120697
6185646 1512982480 2038120703
5704536 1278246771 2038120729
2810388 148462422 2038120739
277509 1666147778 2038120741
5601585 1355491308 2038120759
2942341 31818698 2038120793
309730 958221392 2038120879
4301865 599586121 2038120897
5807686 826346340 2038120927
764383 195572441 2038120961
5780897 1272449106 2038120963
5026656 2018409116 2038120967
5036919 888213466 2038120969
3271258 46508147 2038120979
5377571 633634964 2038120991
7572141 1316777698 2038120993
2820106 328092677 2038121053
669772 1704842759 2038121123
5054140 1467656743 2038121159
6300674 1531528152 2038121161
1872590 1921227259 2038121171
429339 1582036515 2038121179
4566950 479890513 2038121219
901636 1105951292 2038121233
7405817 1707175355 2038121249
1245672 714032730 2038121251
2829967 212728984 2038121263
7285586 1576693431 2038121291
2207923 687269977 2038121339
6668584 1239727630 2038121369
6211262 1580544686 2038121377
5086024 720401936 2038121399
2905054 1490092927 2038121419
6706718 316524687 2038121467
1498957 21149539 2038121509
3856484 230340822 2038121513
3852242 1081333568 2038121539
4606209 1999620976 2038121573
931178 425514253 2038121593
320577 900005472 2038121639
7434338 1510447695 2038121651
2120433 1461024603 2038121693
3987462 211521260 2038121699
1207839 495937304 2038121717
841540 1704536130 2038121741
7999098 276254698 2038121759
4356100 1236864842 2038121777
1513213 768015763 2038121779
2974308 1927753878 2038121791
318367 1130939624 2038121803
1195815 497864430 2038121831
1856005 625444602 2038121933
6774569 1032286163 2038121951
5353905 1980512881 2038121971
4254733 735864555 2038122067
459003 637376235 2038122071
2337330 138299419 2038122089
2658800 1270426435 2038122091
5942309 857880714 2038122143
457594 366330936 2038122157
413756 1006591425 2038122181
5891624 757425730 2038122209
4697405 493146977 2038122223
1669098 846051271 2038122263
3025305 1232429725 2038122269
2192616 1369082555 2038122271
1111172 432251921 2038122287
1976280 841528023 2038122313
4149379 91480765 2038122337
3750553 1289218770 2038122377
4695003 1222075423 2038122397
1312669 1990826794 2038122409
2006485 799199146 2038122413
3232163 150712263 2038122431
3890440 1900633704 2038122433
4100678 2035706204 2038122481
7357924 1300529637 2038122539
4883523 1338517511 2038122553
3035903 84311740 2038122577
2899465 1409917822 2038122601
5011639 562193856 2038122607
1163279 22165951 2038122623
6900464 52046645 2038122641
697656 1869077857 2038122649
2271799 164707034 2038122677
2751820 817028515 2038122731
6588471 509652948 2038122769
7557102 587297628 2038122787
4461816 634759012 2038122829
4441825 1361433736 2038122841
3569872 1590280108 2038122847
5871522 1846784851 2038122857
2906819 27743347 2038122883
3008581 1329986113 2038122923
1947410 304967034 2038122937
1132586 320965175 2038122949
5853324 274705389 2038122973
6188943 1419069934 2038123007
2092522 1825636986 2038123037
3810797 624293282 2038123063
1960404 1902275025 2038123121
1656900 1159031319 2038123187
1868591 199520144 2038123189
1414794 469944876 2038123193
1837231 203743680 2038123201
7544157 1772012179 2038123237
1799724 1878464986 2038123259
4842383 149637221 2038123271
6233178 223214290 2038123279
1745482 112320983 2038123301
8087518 1951560297 2038123309
4755234 879318165 2038123313
647868 1370434360 2038123343
5852502 1159120055 2038123361
2899293 1412118011 2038123363
7164357 1936293448 2038123391
6577693 97033192 2038123453
5589753 1788125683 2038123471
1007424 912397133 2038123487
6496896 1675822637 2038123499
3041232 1249383393 2038123511
7488800 1020063565 2038123517
4872662 28703330 2038123519
2611262 1285923509 2038123547
1244513 213922840 2038123561
7803730 75243370 2038123579
2376722 1621419892 2038123583
6318744 642336747 2038123609
3249194 197035708 2038123621
7019641 1869351696 2038123627
1288960 1579126744 2038123649
6223144 555152780 2038123663
1447827 822244078 2038123687
5075472 1546535311 2038123691
2559705 442520799 2038123739
7348058 1028128559 2038123751
1336785 566363760 2038123753
4497569 252077627 2038123757
7141974 1343187413 2038123777
7331675 1965254519 2038123783
8047687 837448068 2038123793
3470332 1273728671 2038123831
4325548 1519610727 2038123837
4915070 1094668732 2038123849
7991523 1508483101 2038123889
738112 158988092 2038123891
7469276 455436210 2038123903
3384104 1749057384 2038123951
7936884 314533108 2038123963
2276829 1702935851 2038123993
7317990 1466976843 2038124003
4845417 368353021 2038124017
2735292 353121861 2038124029
1526207 1749773353 2038124051
4317563 1136508086 2038124059
502555 1267115384 2038124087
5945961 73024332 2038124107
6554226 622402776 2038124113
4499173 1552611569 2038124141
157675 510532949 2038124149
4482852 1257827870 2038124177
1708556 776515479 2038124189
5434534 984193754 2038124213
7022443 1539250917 2038124273
3851637 1172773255 2038124287
7377085 171264005 2038124351
1907821 307096947 2038124371
688806 974652631 2038124393
4424162 1337678689 2038124411
926871 765837290 2038124447
7989248 365944742 2038124513
6754525 373315093 2038124527
1909600 941367704 2038124531
669743 1110832180 2038124537
1819812 706851060 2038124563
383108 335335950 2038124579
4524191 727928422 2038124629
2050288 99195561 2038124633
4816249 1789857643 2038124689
763403 530838215 2038124743
4542999 917999337 2038124771
4676375 1362231950 2038124773
5402394 1451553836 2038124789
3157879 393957585 2038124807
884526 1394542491 2038124821
3888243 678219821 2038124867
851103 1408134081 2038124899
3254528 277678863 2038124903
1733123 1195208047 2038124939
2886528 632185642 2038124953
3431774 1682165164 2038124981
7926465 208868382 2038125007
2555624 886834053 2038125031
5278967 2021388757 2038125043
1145104 301662589 2038125071
1795239 1048373704 2038125097
4391829 911688482 2038125109
232536 1810943540 2038125143
3696238 125256439 2038125149
6946761 1100216632 2038125217
3115292 485355474 2038125227
427842 1916108205 2038125253
4453961 367822490 2038125259
4048331 1650503994 2038125301
4062577 39830304 2038125311
3782119 1498476513 2038125329
3881478 420764536 2038125347
3562495 1692307053 2038125367
2025468 509215957 2038125403
2126369 981915896 2038125409
7856766 942789700 2038125451
3053131 1050254672 2038125469
2384921 442754224 2038125493
7724999 479302010 2038125511
1083901 476204378 2038125521
2263482 123978700 2038125533
5283536 1678417336 2038125541
4410866 825946632 2038125571
2268819 502314220 2038125587
1563098 18960020 2038125599
1317578 1600917392 2038125613
799794 1723894353 2038125623
7813302 5498066 2038125637
6960969 584145023 2038125643
2413314 79008745 2038125707
923968 1373418374 2038125751
6953696 487260495 2038125809
6674825 1856549349 2038125827
5209369 1977160249 2038125851
7865524 1409482815 2038125883
2453002 368103342 2038125893
941112 490537909 2038125917
204398 234131518 2038125923
6857338 407413072 2038125967
6148024 1069759674 2038125983
5949334 155764184 2038125989
3202178 169922641 2038126007
977104 794487584 2038126009
5610846 2508648 2038126021
675581 1584295744 2038126033
4795849 1698656343 2038126037
2185130 100639416 2038126043
913761 2032281146 2038126063
1473997 1302430085 2038126091
7771421 604907194 2038126109
3689884 128420919 2038126157
7761813 348942963 2038126187
1789289 1569191185 2038126193
3416266 2030417860 2038126247
1262933 695576293 2038126261
3564761 1168845234 2038126271
7233839 105893059 2038126273
7619164 1594891925 2038126303
2801191 390798059 2038126309
5102278 1140880483 2038126313
3035083 1914039752 2038126339
4367647 1386078572 2038126357
5995689 1368438745 2038126411
5656903 499292770 2038126469
3283983 943485370 2038126483
1840130 39485002 2038126499
2840950 878514428 2038126507
693505 1119386656 2038126529
6153688 2033242147 2038126543
3364224 1696604451 2038126547
841563 869695575 2038126553
4194828 1481190785 2038126567
325858 259274209 2038126603
5364053 288453072 2038126613
4597096 301492322 2038126619
8062937 1977081584 2038126627
3198483 1633989759 2038126633
5180503 1697616014 2038126679
6751124 585915576 2038126703
5186778 1105553976 2038126711
6145242 82707232 2038126721
231445 1651982518 2038126723
1424164 588491703 2038126813
7727624 210880149 2038126877
7887905 867149044 2038126891
5859985 232840891 2038126921
1892860 1325443990 2038126939
2554826 351164520 2038126963
7162601 1070927937 2038126973
6796032 318483381 2038126999
6945560 319604196 2038127027
6995773 1900260011 2038127033
193879 722538710 2038127051
6247075 972289288 2038127071
6855084 1697587916 2038127087
3623241 756830934 2038127101
1439729 1702712771 2038127107
6575883 481081131 2038127123
4433701 1748623121 2038127149
7828342 1686615443 2038127159
7233944 923920135 2038127171
2599453 1834153446 2038127219
