6424 10855 25733
14215 12912 25741
14312 19109 25747
3288 7079 25759
12810 18989 25763
1214 13593 25771
18848 7558 25793
659 6689 25799
9041 10761 25801
24082 6901 25819
1234 15080 25841
1021 8064 25847
20670 3997 25849
24082 9845 25867
14984 9058 25873
21084 25694 25889
17300 5773 25903
3505 7008 25913
23932 21029 25919
2569 8568 25931
11894 8427 25933
10995 11524 25939
4745 6349 25943
20960 6782 25951
19347 11665 25969
18411 20238 25981
17095 936 25997
16084 1592 25999
5941 24136 26003
17656 629 26017
17694 25856 26021
26023 3227 26029
13850 4899 26041
12291 20410 26053
1881 2210 26083
5887 10185 26099
17058 24985 26107
16941 14951 26111
7072 1213 26113
23951 22169 26119
18628 4064 26141
3707 8903 26153
23040 2636 26161
21252 10939 26171
18150 15094 26177
21788 23147 26183
18944 2289 26189
15630 20090 26203
25960 11348 26209
19757 25080 26227
20702 1875 26237
8454 13201 26249
13325 11417 26251
12737 4068 26261
5594 18902 26263
15449 76 26267
14755 20804 26293
23381 17505 26297
20233 18992 26309
11074 18664 26317
7389 16119 26321
16705 7694 26339
24379 18114 26347
24957 2869 26357
26316 5529 26371
4511 26237 26387
5220 2176 26393
12507 10093 26399
23233 22766 26407
3949 10621 26417
1170 4088 26423
6014 25004 26431
5970 17707 26437
14647 11346 26449
10938 12029 26459
23696 11296 26479
20654 18636 26489
2737 9471 26497
12700 5327 26501
25959 14025 26513
15303 14840 26539
18878 15513 26557
16585 13089 26561
23013 2738 26573
15560 10126 26591
12295 9483 26597
23029 15112 26627
2110 15711 26633
22788 10302 26641
10718 13760 26647
8603 2776 26669
18418 18452 26681
4265 26393 26683
13338 2847 26687
19382 1570 26693
4857 13494 26699
25149 25149 26701
13351 5532 26711
8998 9802 26713
22401 16631 26717
8945 26045 26723
23678 25440 26729
1233 9848 26731
2477 4311 26737
12322 21125 26759
22088 1654 26777
20121 9556 26783
17252 18695 26801
2432 20048 26813
20756 9263 26821
18956 4799 26833
2898 9093 26839
170 25576 26849
17261 3673 26861
1124 15768 26863
17687 4647 26879
163 13906 26881
6187 19499 26891
24547 22144 26893
17484 11877 26903
9844 201 26921
19045 17693 26927
15306 17654 26947
5759 16611 26951
7187 23523 26953
20450 2595 26959
8075 25587 26981
3605 1682 26987
14014 25991 26993
17165 20098 27011
21823 9794 27017
21687 12504 27031
26201 2439 27043
16352 15158 27059
26380 18572 27061
10362 15026 27067
9010 4466 27073
20427 24587 27077
19835 2500 27091
11567 12885 27103
19294 10128 27107
18491 20892 27109
13533 20716 27127
5327 15419 27143
18656 17973 27179
18293 19943 27191
2743 20923 27197
11528 5601 27211
17599 6087 27239
7650 18847 27241
23279 18172 27253
8728 21713 27259
9478 25446 27271
7483 21030 27277
13870 8352 27281
9465 6970 27283
18133 12116 27299
3678 5093 27329
9520 24877 27337
14950 5641 27361
2324 14816 27367
12856 15261 27397
96 831 27407
14022 11123 27409
8653 17981 27427
2504 5718 27431
19617 19476 27437
25421 10328 27449
19022 5348 27457
6767 23023 27479
15248 7546 27481
21886 22903 27487
25328 3948 27509
22366 9699 27527
18178 3869 27529
5294 27482 27539
16633 8238 27541
23591 1291 27551
25376 9291 27581
7531 2579 27583
26699 15618 27611
2572 7954 27617
18262 2083 27631
16927 10902 27647
19778 14165 27653
272 20347 27673
24497 27099 27689
11043 24266 27691
20477 8922 27697
5102 23210 27701
20327 7882 27733
15436 13357 27737
2760 24115 27739
27380 27036 27743
22743 22153 27749
17453 15666 27751
19109 11963 27763
14098 19937 27767
27373 12974 27773
1144 25914 27779
22535 17000 27791
11639 3074 27793
25697 11806 27799
21943 27616 27803
11109 12120 27809
11778 3687 27817
3053 26247 27823
2012 1399 27827
7043 8693 27847
8328 25226 27851
5123 5890 27883
18823 5957 27893
15227 9162 27901
12612 9419 27917
677 22681 27919
5929 27440 27941
23326 26681 27943
15220 2045 27947
25767 2495 27953
9281 22737 27961
1190 14591 27967
722 23604 27983
20233 18303 27997
6837 9714 28001
19945 16749 28019
1205 1022 28027
22497 5752 28031
21690 12901 28051
8257 8862 28057
23776 10774 28069
27927 16272 28081
24511 23279 28087
26930 26731 28097
21456 23003 28099
25872 19253 28109
13472 20938 28111
4221 155 28123
153 13220 28151
13458 25950 28163
28152 17571 28181
15449 24341 28183
18322 13067 28201
26792 3617 28211
11090 19013 28219
26399 22518 28229
7274 27765 28277
5030 25281 28279
1986 27220 28283
24818 416 28289
17204 10647 28297
958 9881 28307
19854 12951 28309
4672 11661 28319
5232 26289 28349
6520 13623 28351
23908 22740 28387
23427 12772 28393
11177 1693 28403
14357 10056 28409
6446 2026 28411
15399 20207 28429
18252 21954 28433
26518 1037 28439
6929 21843 28447
27406 14476 28463
8209 15093 28477
21588 24922 28493
22537 25525 28499
19396 1658 28513
17832 13456 28517
15698 14677 28537
7093 2055 28541
16092 26582 28547
12238 15556 28549
11127 7595 28559
25125 24866 28571
2117 6762 28573
13908 10821 28579
25718 6764 28591
4858 7368 28597
2363 13423 28603
21154 13561 28607
16629 4918 28619
27588 27479 28621
19629 6448 28627
1314 20640 28631
8868 19665 28643
20439 17885 28649
18711 7039 28657
7932 23209 28661
18797 1300 28663
9518 19084 28669
1685 17033 28687
12636 21756 28697
11491 6226 28703
3429 10728 28711
27723 22388 28723
15488 16460 28729
7126 3832 28751
4954 25849 28753
9814 19594 28759
23130 21179 28771
17816 4021 28789
5387 16134 28793
9490 10828 28807
11560 25780 28813
2050 8550 28817
23113 15459 28837
279 10225 28843
22839 27440 28859
5642 6346 28867
24578 14843 28871
23148 28707 28879
21241 15812 28901
13999 11501 28909
11025 12600 28921
3354 25477 28927
7641 25043 28933
2065 13065 28949
25194 2370 28961
17429 19199 28979
19901 23091 29009
10040 17565 29017
27956 12321 29021
27325 26357 29023
19845 1769 29027
23984 7069 29033
16093 6869 29059
16408 25666 29063
25828 4751 29077
16433 23982 29101
10253 21353 29123
3835 5790 29129
26323 27970 29131
8823 26638 29137
6176 417 29147
12905 9539 29153
27370 10226 29167
25080 1274 29173
20286 25539 29179
8921 29018 29191
23216 485 29201
10563 17071 29207
7172 7036 29209
16386 21737 29221
23571 25843 29231
8843 25926 29243
1545 22322 29251
17197 28222 29269
22694 3567 29287
3932 20848 29297
25673 19914 29303
24809 21625 29311
26112 5541 29327
7451 19593 29333
22280 25746 29339
20501 12518 29347
7153 12408 29363
3703 7552 29383
22355 11090 29387
13615 1708 29389
14612 20400 29399
14918 21599 29401
25872 21465 29411
2785 12431 29423
5418 24049 29429
19392 777 29437
12208 17718 29443
14033 8052 29453
1376 25807 29473
4247 9406 29483
4870 7928 29501
12573 20657 29527
25580 11065 29531
9672 17795 29537
4866 26 29567
16361 16226 29569
12514 11731 29573
3030 20962 29581
19304 2804 29587
11407 17110 29599
28214 22450 29611
5196 10798 29629
14613 9936 29633
25760 20031 29641
18163 7162 29663
25331 1633 29669
17868 23444 29671
2914 19242 29683
3203 6516 29717
26565 2423 29723
17748 16108 29741
2986 28513 29753
24875 19154 29759
18805 11905 29761
4380 20153 29789
12035 24258 29803
23858 12588 29819
25468 17655 29833
1975 5200 29837
18002 22133 29851
3254 4070 29863
17597 14963 29867
29305 13037 29873
28578 21048 29879
27249 29354 29881
28908 24503 29917
25508 26446 29921
24768 19336 29927
12040 14255 29947
12481 8036 29959
20790 15561 29983
1338 7875 29989
1485 13428 30011
12565 3405 30013
4129 20922 30029
14703 12444 30047
29171 28946 30059
2707 2976 30071
29643 10686 30089
715 25517 30091
21339 12325 30097
22469 27697 30103
4178 17015 30109
4895 26788 30113
5727 10159 30119
27538 28637 30133
3958 16677 30137
18020 20965 30139
29743 16839 30161
25130 19075 30169
1077 13456 30181
9351 11954 30187
3097 7670 30197
28878 11511 30203
1166 6400 30211
29713 11586 30223
23900 27127 30241
27255 14931 30253
15753 14246 30259
25417 15828 30269
24311 25359 30271
21142 24003 30293
17859 10352 30307
3664 1235 30313
26224 15160 30319
2563 3118 30323
2208 13953 30341
15703 12095 30347
28652 28353 30367
8937 5651 30389
11755 15772 30391
9456 13820 30403
4401 28402 30427
21348 28932 30431
12391 10086 30449
27941 19015 30467
3895 18136 30469
438 21575 30491
17793 10612 30493
4278 29350 30497
1150 20525 30509
29174 20836 30517
20558 13524 30529
11268 10653 30539
15571 3124 30553
28471 18625 30557
2041 12247 30559
14336 23533 30577
12823 26366 30593
22835 1583 30631
11257 17416 30637
25149 20126 30643
30041 16640 30649
13069 29455 30661
25787 25965 30671
5939 20859 30677
4036 10058 30689
5994 27589 30697
3299 2136 30703
4021 1602 30707
10870 14566 30713
23700 7461 30727
22707 4946 30757
13200 24127 30763
10058 29406 30773
9023 21813 30781
6163 12202 30803
30080 17632 30809
19876 24230 30817
22372 28073 30829
13916 28187 30839
4930 22562 30841
15033 4383 30851
15488 1389 30853
29285 2869 30859
21214 15137 30869
21935 17347 30871
22190 8456 30881
26529 3376 30893
25368 13483 30911
24773 2434 30931
1384 21841 30937
27714 20563 30941
4588 13818 30949
1216 215 30971
21987 9807 30977
30311 4347 30983
18008 30954 31013
9287 18781 31019
30369 6796 31033
23546 23091 31039
18257 25177 31051
28235 14875 31063
21751 5095 31069
12785 10548 31079
11204 1099 31081
26418 12484 31091
2394 5408 31121
6950 28219 31123
10148 21922 31139
13421 25241 31147
23059 992 31151
3040 23567 31153
8953 7082 31159
18857 10156 31177
29385 17201 31181
8226 16749 31183
24681 12777 31189
22273 21767 31193
26637 24975 31219
13332 29168 31223
4245 5442 31231
24433 12361 31237
2636 16799 31247
22537 22501 31249
17361 11334 31253
16106 14062 31259
4755 15831 31267
20708 8440 31271
909 16403 31277
27235 1225 31307
27242 4772 31319
5742 24787 31321
11880 13412 31327
12573 16110 31333
13837 27422 31337
4677 13427 31357
15939 10011 31379
27372 18425 31387
17218 21782 31391
11126 6698 31393
30404 16426 31397
28743 7343 31469
27915 21411 31477
2431 14800 31481
29429 18532 31489
19417 9437 31511
11551 20069 31513
21692 15780 31517
28861 20885 31531
29149 3332 31541
21642 30727 31543
21034 20185 31547
25664 4580 31567
5968 476 31573
143 93 31583
25157 25875 31601
1505 4147 31607
31463 2701 31627
22610 15317 31643
20339 27974 31649
13766 28740 31657
1655 4641 31663
20241 24506 31667
30261 14164 31687
18893 4396 31699
3349 14133 31721
14548 9912 31723
23385 17958 31727
4823 12159 31729
5630 28682 31741
24259 20791 31751
2790 16535 31769
10433 31347 31771
31779 24682 31793
10449 6739 31799
13109 19981 31817
848 14332 31847
10825 12517 31849
530 8437 31859
30646 12913 31873
9408 18682 31883
11471 23469 31891
25243 21303 31907
13732 4524 31957
29222 3394 31963
21591 24080 31973
17776 28255 31981
7072 23431 31991
23101 21630 32003
26362 23182 32009
28791 23581 32027
9402 6113 32029
25867 5107 32051
10703 28888 32057
22227 14845 32059
28495 24686 32063
8120 18290 32069
23494 14908 32077
7901 29871 32083
3654 25749 32089
16948 23263 32099
11695 5073 32117
2031 8782 32119
23469 31101 32141
25380 22312 32143
13308 21070 32159
4635 243 32173
27237 15524 32183
16093 22741 32189
17924 15596 32191
3921 23912 32203
4261 7925 32213
12269 7169 32233
17145 25684 32237
22888 25860 32251
3881 23497 32257
25749 4680 32261
27098 24586 32297
23887 26395 32299
13190 8652 32303
14871 2014 32309
20645 25024 32321
1731 27010 32323
18459 17282 32327
23598 5887 32341
26447 17285 32353
14007 31531 32359
27737 7939 32363
23253 25395 32369
22073 29837 32371
10971 12541 32377
23685 10723 32381
8539 20791 32401
8606 5867 32411
9807 23393 32413
20615 22475 32423
30630 7294 32429
25277 346 32441
29722 1047 32443
22766 10370 32467
18090 2009 32479
16471 14428 32491
28906 20633 32497
28477 28254 32503
717 6918 32507
30629 27898 32531
11923 7578 32533
31018 24448 32537
30612 5156 32561
22469 15589 32563
14007 23468 32569
24075 22107 32573
3426 8018 32579
9620 16118 32587
11081 9161 32603
5674 4749 32609
19150 6779 32611
18834 20845 32621
26140 5447 32633
12037 11747 32647
5164 27666 32653
6920 672 32687
7222 7265 32693
12340 3316 32707
28977 27539 32713
26522 12662 32717
9921 30719 32719
30924 30533 32749
32360 16670 32771
768 4917 32779
5254 3117 32783
11381 5428 32789
5614 25010 32797
16802 11700 32801
15392 24455 32803
11384 8744 32831
25253 5548 32833
3606 26145 32839
23400 21957 32843
19130 570 32869
27287 3566 32887
26725 23157 32909
16830 18551 32911
17745 6464 32917
28333 18416 32933
16319 19722 32939
31923 8361 32941
22471 31233 32957
21079 585 32969
5477 18671 32971
26978 22760 32983
10012 18214 32987
24085 8665 32993
26920 10145 32999
30417 18781 33013
29603 20858 33023
863 29163 33029
31901 3369 33037
9515 14920 33049
10334 6743 33053
7123 14115 33071
4280 28870 33073
5544 10117 33083
30193 23940 33091
27765 4773 33107
25082 11749 33113
9832 5972 33119
28245 923 33149
23865 20513 33151
19501 31365 33161
21514 17776 33179
9104 29855 33181
23001 13045 33191
3275 14090 33199
31300 23336 33203
9725 6209 33211
18282 27620 33223
25509 29080 33247
10990 14062 33287
24594 30962 33289
27567 26184 33301
2590 28513 33311
1017 31557 33317
29405 9864 33329
30615 22244 33331
20429 12949 33343
15283 32557 33347
20488 11495 33349
24654 5532 33353
3399 12258 33359
5980 18876 33377
24610 31549 33391
8273 16787 33403
24187 8934 33409
25345 23442 33413
22060 23082 33427
240 24949 33457
27586 30508 33461
14935 20356 33469
31548 30109 33479
18032 809 33487
3758 16045 33493
25599 20692 33503
14095 30278 33521
15193 8411 33529
31647 13020 33533
629 22266 33547
2102 29197 33563
9994 983 33569
19890 32560 33577
20017 15004 33581
20587 5742 33587
11204 20829 33589
25301 29892 33599
23062 1008 33601
20234 5309 33613
23305 28971 33617
19725 20073 33619
13773 13488 33623
13585 17872 33629
17460 12916 33637
4370 17197 33641
4879 25458 33647
20701 22844 33679
14113 705 33703
16496 10063 33713
18636 11605 33721
25871 29773 33739
17404 8762 33749
16780 14396 33751
31820 17528 33757
21320 7772 33767
18444 26966 33769
33618 6901 33773
19250 11958 33791
24070 6609 33797
18987 18271 33809
6746 9180 33811
9907 29436 33827
19460 27568 33829
28670 24689 33851
29167 13181 33857
847 705 33863
22685 12258 33871
7659 10722 33889
20749 30172 33893
32109 33854 33911
5841 29796 33923
5728 23623 33931
23464 4789 33937
18325 23258 33941
10029 8528 33961
23642 17143 33967
7910 18095 33997
17327 14846 34019
6806 21664 34031
23426 24 34033
8994 22250 34039
25794 3848 34057
19488 30629 34061
23601 23460 34123
25888 18775 34127
26694 17742 34129
30068 17001 34141
6470 31038 34147
22603 27115 34157
6510 353 34159
8944 32491 34171
16654 3938 34183
28951 12957 34211
8238 14662 34213
19644 19178 34217
23845 30010 34231
12568 6070 34253
31624 18650 34259
21469 30093 34261
2090 30788 34267
17210 14695 34273
22398 3215 34283
26380 4948 34297
26196 11977 34301
8889 30268 34303
25970 31871 34313
9355 25630 34319
2156 562 34327
16490 25604 34337
6313 25103 34351
23188 2634 34361
14267 23667 34367
8897 23884 34369
27163 27015 34381
26005 21188 34403
27344 8291 34421
14314 14694 34429
1187 1614 34439
5265 31752 34457
1902 9470 34469
25067 32261 34471
20970 10106 34483
9044 31417 34487
18077 32103 34499
26250 28228 34501
11549 20118 34511
21193 20753 34513
14896 33592 34519
31071 19491 34537
34002 22524 34543
22479 31046 34549
34572 30916 34583
27997 24349 34589
15070 17916 34591
979 14167 34603
1643 24539 34607
15283 7255 34613
32524 22302 34631
22840 7815 34649
6246 26078 34651
26829 5206 34667
24236 17009 34673
8965 6313 34679
19697 18102 34687
3853 33106 34693
11619 8284 34703
13467 19470 34721
15277 19465 34729
9991 29936 34739
8453 227 34747
5007 34056 34757
12441 18218 34759
21532 11996 34763
32994 14460 34781
12194 19463 34807
26956 7948 34819
5921 27715 34841
29950 30597 34843
22982 4844 34847
26061 19965 34849
13888 19570 34871
23632 26442 34877
11757 28882 34883
5419 24587 34897
32890 16752 34913
25338 33494 34919
32964 15529 34939
23578 15906 34949
24998 17923 34961
22053 9171 34963
30966 22708 34981
28733 31860 35023
27590 5993 35027
11757 16091 35051
21721 34362 35053
22661 12803 35059
5102 29273 35069
1533 396 35081
15827 15076 35083
16837 13586 35089
5963 14804 35099
34709 4687 35107
29266 20199 35111
29101 24526 35117
24850 29015 35129
8730 11248 35141
9087 26149 35149
33166 24903 35153
958 11429 35159
23821 4463 35171
19717 1241 35201
27113 33230 35221
1785 7779 35227
28020 20336 35251
30788 22262 35257
34865 24978 35267
22069 23708 35279
2455 34016 35281
11602 16211 35291
13311 2850 35311
27327 770 35317
21211 33806 35323
12091 32353 35327
17081 163 35339
18793 9087 35353
30413 30279 35363
1860 21739 35381
30712 7513 35393
29092 23726 35401
29794 6377 35407
15915 31902 35419
3600 7084 35423
16976 6265 35437
29835 32141 35447
10379 29106 35449
14865 2884 35461
6874 26131 35491
22481 21054 35507
6163 24436 35509
26640 32695 35521
24752 22613 35527
18357 28743 35531
35341 28493 35533
26283 12752 35537
13735 29910 35543
34187 5527 35569
8278 9711 35573
6445 35334 35591
3286 18699 35593
7364 1357 35597
9704 20326 35603
14747 11689 35617
2560 30608 35671
5402 12275 35677
20458 25190 35729
2832 47 35731
6989 31159 35747
22447 28013 35753
20712 13393 35759
18123 25867 35771
19913 11882 35797
23795 58 35801
14425 27914 35803
21374 18286 35809
19998 18990 35831
26163 5703 35837
4395 31402 35839
8976 10908 35851
15939 19734 35863
15030 10895 35869
17350 32342 35879
8897 14081 35897
25032 25723 35899
1897 5632 35911
22344 15501 35923
6425 9360 35933
34991 30716 35951
24472 4299 35963
4408 6825 35969
34059 188 35977
16528 32061 35983
27531 29241 35993
7047 4223 35999
16268 32474 36007
16692 35708 36011
33828 31865 36013
33418 9326 36017
25607 12950 36037
4835 4207 36061
31947 18155 36067
8869 14005 36073
28754 5569 36083
35610 15730 36097
34677 34092 36107
26589 19050 36109
27626 17091 36131
21183 2150 36137
29823 24121 36151
19469 1475 36161
31261 10732 36187
16079 23392 36191
23694 24226 36209
3255 12897 36217
26863 28232 36229
13602 33959 36241
9054 5178 36251
10523 2333 36263
4010 5023 36269
22366 30135 36277
8380 27632 36293
4976 16191 36299
33942 5620 36307
18903 14933 36313
33515 14042 36319
20360 7099 36341
14379 12584 36343
1466 10997 36353
24506 26107 36373
5251 27449 36383
33682 28727 36389
18283 28478 36433
180 15167 36451
36457 0 36457
14570 31145 36467
34805 13919 36469
29831 6083 36473
9530 17442 36479
31516 20602 36493
26801 17021 36497
22246 22289 36523
11874 9668 36527
23096 9796 36529
34233 1096 36541
28665 11056 36551
31506 26029 36559
32078 31746 36563
11202 17653 36571
4971 3022 36583
17325 20494 36587
30408 30253 36599
13640 17024 36607
35838 20792 36629
10113 22776 36637
27906 9577 36643
4371 18472 36653
10351 975 36671
25022 12123 36677
31468 9725 36683
31994 33520 36691
33807 35065 36697
20579 17195 36709
36375 19969 36713
22679 14338 36721
28219 9475 36739
35888 26378 36749
28916 31151 36761
4801 21021 36767
31180 26884 36779
2351 25240 36781
26492 13121 36787
1478 12510 36791
1765 24278 36793
28648 19259 36809
10091 12391 36821
5188 25788 36833
6857 15968 36847
11964 22325 36857
23206 1841 36871
10998 15307 36877
1388 1699 36887
36342 2757 36899
4126 12142 36901
29451 25494 36913
36302 23755 36919
22144 34700 36923
9676 36277 36929
10035 10899 36931
35286 10538 36943
23412 21836 36947
3166 23621 36973
13429 15475 36979
15088 18132 36997
4011 22587 37003
27037 20964 37013
7876 19316 37019
10216 5008 37021
16067 26530 37039
2185 8358 37049
27800 25711 37057
9804 36457 37061
14659 35944 37087
16404 12003 37097
10786 12171 37117
10736 22355 37123
28135 28013 37139
21445 22823 37159
6363 10454 37171
26566 23815 37181
22060 11575 37189
19734 11799 37199
34803 31232 37201
5115 167 37217
3170 23689 37223
9893 22881 37243
14078 3915 37253
6780 28500 37273
30111 26841 37277
33774 13359 37307
30815 14817 37309
30978 203 37313
9027 22148 37321
35919 20702 37337
18582 19074 37339
21568 29218 37357
20856 29933 37361
10793 1066 37363
23523 23526 37369
31361 13888 37379
31495 3148 37397
33862 6562 37409
21365 26038 37423
1986 33046 37441
15243 27429 37447
22196 35423 37463
20563 6467 37483
37256 3129 37489
22013 30499 37493
18139 9396 37501
9595 13399 37507
27293 4518 37511
14167 29133 37517
2183 28179 37529
3143 27103 37537
6644 20742 37547
21443 22125 37549
2269 18101 37561
35457 18873 37567
20630 15365 37571
12647 27284 37573
19628 1859 37579
17178 10818 37589
11598 13144 37591
30303 13759 37607
29256 24445 37619
10781 17909 37633
14865 16172 37643
6006 29407 37649
20438 16520 37657
31795 18265 37663
10879 25185 37691
19463 33923 37693
5644 31653 37699
24457 28805 37717
1336 17722 37747
7613 10615 37781
30774 6863 37783
14210 29078 37799
13641 18339 37811
3138 25118 37813
5863 1452 37831
23122 2588 37847
19347 29312 37853
37499 1607 37861
21695 15474 37871
24469 10700 37879
9734 18367 37889
15941 11350 37897
17693 15595 37907
24742 13237 37951
391 27277 37957
33422 6492 37963
16495 34640 37967
3388 16112 37987
24740 3278 37991
21172 33155 37993
35737 19300 37997
827 2065 38011
16071 16798 38039
31496 7986 38047
31628 18415 38053
34065 11711 38069
12895 4909 38083
12348 30133 38113
5207 27077 38119
22420 31751 38149
3105 24469 38153
20114 27995 38167
2349 21097 38177
2719 20177 38183
14193 18098 38189
6956 31447 38197
35669 2301 38201
17907 7627 38219
1016 12804 38231
37393 3097 38237
27602 31272 38239
3204 20450 38261
27274 32054 38273
24390 10712 38281
23189 13923 38287
29982 25463 38299
1001 11678 38303
37917 8579 38317
31914 29840 38321
32374 32228 38327
1032 37283 38329
5656 7193 38333
7779 5121 38351
35997 21150 38371
822 25368 38377
657 36125 38393
19400 27773 38431
25076 6586 38447
28781 37499 38449
629 15723 38453
34123 19599 38459
36758 33221 38461
14622 35704 38501
17517 17357 38543
23103 15057 38557
25251 26941 38561
20302 18575 38567
11567 13876 38569
30274 22899 38593
17059 19501 38603
1680 19291 38609
26856 36020 38611
23352 37423 38629
19817 35309 38639
6477 24433 38651
23881 23677 38653
38518 37252 38669
36274 18646 38671
10354 11038 38677
2793 31167 38693
2971 19653 38699
27019 26551 38707
25792 11449 38711
32020 12901 38713
3061 34661 38723
4320 22282 38729
14357 19970 38737
19022 16267 38747
15532 126 38749
28326 10539 38767
17598 25932 38783
29048 12475 38791
37800 36357 38803
24371 21902 38821
8792 27454 38833
26849 3053 38839
13127 16595 38851
21845 4442 38861
19425 19116 38867
3305 32058 38873
6772 34358 38891
819 32780 38903
34641 24499 38917
30619 1669 38921
25659 22920 38923
18146 34539 38933
22648 16608 38953
10848 18578 38959
11998 29355 38971
22262 5483 38977
11436 5303 38993
29201 27793 39019
34698 33319 39023
27296 587 39041
14870 8935 39043
5694 28153 39047
6835 17653 39079
27774 9552 39089
36555 11939 39097
27693 28147 39103
16135 20703 39107
32865 3216 39113
4357 36625 39119
1653 38643 39133
22921 29680 39139
12719 22180 39157
16309 3458 39161
11829 9001 39163
9832 6127 39181
27605 9438 39191
33755 8131 39199
32250 15974 39209
2871 36154 39217
23474 20774 39227
29703 19397 39229
15720 23328 39233
17904 25461 39239
32417 30414 39241
30954 1468 39251
27084 29301 39293
3582 7614 39301
13339 35342 39313
10772 22915 39317
13229 32931 39323
13442 15138 39341
5535 13007 39343
22175 11878 39359
30851 8385 39367
131 17342 39371
9628 35444 39373
10546 26615 39383
17666 30166 39397
24758 31049 39409
29535 31765 39419
35544 29140 39439
1483 36077 39443
38756 36238 39451
28036 29513 39461
21776 10402 39499
8756 32918 39503
33770 38202 39509
14997 32538 39511
20371 19801 39521
19513 120 39541
13079 15814 39551
10106 36457 39563
38779 9388 39569
28065 391 39581
16733 21566 39607
11144 27783 39619
6600 37443 39623
15489 29495 39631
6549 33634 39659
12071 17110 39667
30647 10002 39671
22469 37806 39679
22585 4584 39703
13029 23896 39709
12210 841 39719
30072 20575 39727
20028 19939 39733
12020 8960 39749
32200 32300 39761
9427 39683 39769
1401 2995 39779
36462 20239 39791
29524 30106 39799
29144 30628 39821
24508 4847 39827
32536 23705 39829
22265 39309 39839
39075 747 39841
2545 39435 39847
5942 17197 39857
3818 9868 39863
12687 1683 39869
38969 17386 39877
10870 16193 39883
3607 20422 39887
5524 31437 39901
13436 11802 39929
11006 33060 39937
25076 11233 39953
8034 7303 39971
33240 29797 39979
2276 11142 39983
27620 25298 39989
26071 11269 40009
39104 4654 40013
14247 18295 40031
9001 31290 40037
16392 9867 40039
32169 18623 40063
7183 38483 40087
27364 36902 40093
9590 20610 40099
17132 27974 40111
34087 12919 40123
17076 28399 40127
31209 3939 40129
8045 27064 40151
34444 16350 40153
2730 6378 40163
12374 4713 40169
2942 533 40177
30042 25547 40189
22931 38054 40193
18144 11313 40213
5426 11749 40231
35437 13950 40237
15278 35384 40241
31669 28297 40253
32510 2367 40277
29203 29170 40283
30729 1818 40289
23007 7844 40343
26436 17627 40351
3965 30570 40357
7689 36030 40361
26982 4609 40387
15001 36039 40423
19130 5102 40427
31310 14943 40429
38238 29804 40433
38685 32961 40459
31178 23389 40471
17008 30221 40483
4200 38742 40487
24702 20930 40493
24079 1710 40499
16274 6164 40507
14862 38189 40519
942 11120 40529
8094 27836 40531
35729 38653 40543
36095 36188 40559
11514 29696 40577
13007 13468 40583
16339 14956 40591
8943 23965 40597
26946 12753 40609
30895 17530 40627
19729 31959 40637
2298 3233 40639
32669 7079 40693
20924 38960 40697
20960 36706 40699
17469 24207 40709
28531 30827 40739
13407 20659 40751
36806 33690 40759
10264 22126 40763
5786 40637 40771
18132 5841 40787
40725 2423 40801
6553 24088 40813
6929 34956 40819
28724 34172 40823
727 24414 40829
27095 36479 40841
21828 35680 40847
11663 16050 40849
2187 2100 40853
8392 5156 40867
11416 12094 40879
38184 16496 40883
12032 6561 40897
34457 22482 40903
24658 33725 40927
37790 7951 40933
6885 40806 40939
8789 36120 40949
30889 32782 40961
22794 19988 40973
7905 34253 40993
5830 381 41011
8370 34607 41017
4032 40334 41023
4271 25928 41039
36102 16652 41047
23681 5597 41051
23808 33618 41057
34582 10820 41077
34357 9971 41081
20349 4320 41113
34741 4541 41117
22872 21264 41131
8676 6423 41141
3903 38875 41143
27333 14009 41149
36681 33358 41161
3849 16867 41177
24527 13058 41179
18592 4504 41183
23406 33065 41189
35162 15965 41201
10799 21773 41203
9089 40827 41213
39740 11906 41221
26098 40613 41227
5036 5905 41231
32584 22587 41233
21638 37634 41243
28827 9764 41257
24143 6134 41263
39676 2660 41269
35066 10079 41281
24539 35429 41299
13628 2931 41333
4555 19183 41341
27421 37559 41351
6594 38748 41357
9134 27325 41381
34873 10356 41387
25573 4705 41389
38767 1595 41399
5431 27994 41411
39775 21364 41413
11676 35712 41443
15299 40965 41453
12610 36298 41467
6391 3251 41479
6844 12414 41491
34647 34451 41507
7982 8059 41513
26773 5815 41519
22790 1162 41521
34674 18953 41539
7082 36315 41543
14100 6502 41549
6850 37187 41579
20559 29855 41593
529 14525 41597
12873 19429 41603
39469 4717 41609
283 30102 41611
4802 35577 41617
34071 7315 41621
11184 2722 41627
18212 8029 41641
34874 7566 41647
24182 37986 41651
16127 25068 41659
11114 32643 41669
1916 7676 41681
38310 28639 41687
8350 30210 41719
33769 24160 41729
24539 39302 41737
11059 10586 41759
547 30241 41761
4504 27804 41771
19863 21298 41777
25111 5379 41801
33398 14254 41809
29693 19766 41813
10019 17020 41843
23819 12737 41849
30577 17078 41851
9245 23996 41863
10977 13135 41879
33582 18074 41887
17210 1508 41893
39082 39169 41897
40685 4429 41903
29561 12784 41911
316 11623 41927
2402 31943 41941
33525 29858 41947
38114 27215 41953
41131 28461 41957
34950 23795 41959
19606 9348 41969
14477 26629 41981
5714 34722 41983
192 23569 41999
41326 20548 42013
3732 25370 42017
17579 22480 42019
3070 22335 42023
16848 12961 42043
19648 23722 42061
7725 11010 42071
40737 15223 42073
38256 40692 42083
35572 29369 42089
31736 28948 42101
11211 33728 42131
14387 35484 42139
17857 29420 42157
28287 33566 42169
23267 39129 42179
21040 16406 42181
4378 14835 42187
25050 6686 42193
34077 3092 42197
33740 23476 42209
32907 41424 42221
30198 21090 42223
19388 21943 42227
16441 6191 42239
33067 9595 42257
4723 34021 42281
25611 38402 42283
26855 38831 42293
40096 34705 42299
31332 32328 42307
15748 27351 42323
6309 12992 42331
16992 4093 42337
27839 23198 42349
34988 34492 42359
14607 39031 42373
36153 23978 42379
28233 28351 42391
21957 21205 42397
23632 7257 42403
5618 13777 42407
6480 35848 42409
41930 14512 42433
33722 25592 42437
14301 8571 42443
22456 29850 42451
35007 40455 42457
8588 29462 42461
11799 38931 42463
15073 36882 42467
2306 17298 42473
36581 14327 42487
41537 22489 42491
28520 10770 42499
40139 23682 42509
22784 29382 42533
15572 22882 42557
27275 32528 42569
13157 31435 42571
11633 14371 42577
10301 40160 42589
16753 8744 42611
33251 19106 42641
20133 33016 42643
31794 21439 42649
39046 9679 42667
6097 27351 42677
10344 19978 42683
9146 17616 42689
40639 18219 42697
31784 21349 42701
17853 17254 42703
29615 7417 42709
18196 2165 42719
3540 31927 42727
20617 2857 42737
15437 23225 42743
11711 13919 42751
39756 27327 42767
36006 40649 42773
42030 13193 42787
4699 34859 42793
6853 12154 42797
31516 132 42821
39989 22563 42829
20751 19339 42839
35634 14798 42841
23313 40360 42853
20963 24844 42859
31591 6402 42863
16411 5228 42899
26242 19303 42901
7448 27773 42923
4397 25566 42929
38242 33424 42937
1162 25514 42943
3645 32342 42953
14081 19964 42961
22766 16091 42967
7466 1551 42979
27411 5296 42989
32639 17396 43003
15995 10447 43013
7900 691 43019
25223 31577 43037
16528 8330 43049
15914 36981 43051
14946 9792 43063
29810 8389 43067
42189 33561 43093
33926 36771 43103
22284 28866 43117
16261 15128 43133
4286 30419 43151
9367 23001 43159
11774 18521 43177
36356 22503 43189
31981 20739 43201
3173 7587 43207
14414 9553 43223
20802 2535 43237
23525 2003 43261
13656 37 43271
7392 7626 43283
2569 27376 43291
15004 7201 43313
12551 33407 43319
12046 25698 43321
34554 10299 43331
35231 36345 43391
3140 29741 43397
37932 24906 43399
13995 22228 43403
1309 6495 43411
3391 285 43427
26085 40367 43441
39319 40876 43451
31738 16650 43457
17717 328 43481
25244 10431 43487
30499 7699 43499
24747 16136 43517
12916 36872 43541
40334 13399 43543
22949 7163 43573
25266 11301 43577
6216 7614 43579
17416 1032 43591
9718 26649 43597
7246 37743 43607
35038 10041 43609
29465 1509 43613
20270 5159 43627
36857 23538 43633
21808 29113 43649
41455 23748 43651
28662 16198 43661
38825 14289 43669
10835 38218 43691
27735 23254 43711
19324 23048 43717
29441 15082 43721
11671 7643 43753
28200 26585 43759
23772 5555 43777
369 36164 43781
5859 27706 43783
31351 35843 43787
4340 19936 43789
21132 20237 43793
6162 21652 43801
6936 31058 43853
1788 2713 43867
13371 5848 43889
40897 14015 43891
21433 32191 43913
40163 34034 43933
23722 28067 43943
37524 23956 43951
43636 40415 43961
2427 10016 43963
36466 4117 43969
6596 1242 43973
28658 21056 43987
37834 17774 43991
32742 1856 43997
20279 17269 44017
7353 13223 44021
39329 19939 44027
6480 6344 44029
31401 4905 44041
28331 28089 44053
3914 42339 44059
10593 22264 44071
33832 21 44087
7032 3813 44089
3949 30626 44101
845 1150 44111
42597 10881 44119
26697 26328 44123
14414 6500 44129
24950 33503 44131
7211 41859 44159
42877 20103 44171
32115 4807 44179
20576 36724 44189
31323 26984 44201
38199 9353 44203
31942 1147 44207
38158 19002 44221
36484 8978 44249
19 29190 44257
16451 42070 44263
9725 43490 44267
7157 22845 44269
10195 7213 44273
30943 40493 44279
25988 26450 44281
31592 2127 44293
39873 28474 44351
43475 4744 44357
32923 8683 44371
7060 23738 44381
33314 31443 44383
39670 14240 44389
26871 6040 44417
3502 29192 44449
28801 12989 44453
6012 36896 44483
42928 1058 44491
31838 32598 44497
26157 34545 44501
41422 19360 44507
7704 12738 44519
30757 3217 44531
3909 34119 44533
36834 18514 44537
24896 39317 44543
840 10332 44549
32200 27982 44563
17104 29206 44579
8226 34299 44587
24970 16077 44617
25003 6555 44621
5795 17112 44623
25225 17100 44633
14905 13248 44641
13622 25771 44647
26246 31517 44651
3173 23695 44657
35261 13405 44683
20081 42370 44687
10596 38125 44699
1988 35441 44701
11635 37728 44711
5400 37988 44729
39151 22956 44741
12699 24487 44753
4503 15335 44771
24098 28857 44773
17170 29226 44777
28832 18140 44789
14176 35193 44797
6576 26264 44809
31254 35864 44819
40050 30992 44839
11204 29063 44843
13390 9110 44851
9862 669 44867
9588 13122 44879
7096 13516 44887
26987 28792 44893
6261 43173 44909
42532 3704 44917
37007 8171 44927
7922 9738 44939
42264 18774 44953
7297 33019 44959
7064 27587 44963
5896 23743 44971
14397 5871 44983
27505 31945 44987
10224 16823 45007
21345 20202 45013
2755 13769 45053
37460 3876 45061
24832 38945 45077
40786 19336 45083
36757 34961 45119
17677 19194 45121
44781 17586 45127
42029 39717 45131
36409 18301 45137
21868 17474 45139
41641 21926 45161
15676 22338 45179
31269 18062 45181
33073 7740 45191
16484 30764 45197
35253 29851 45233
40654 32060 45247
9100 21027 45259
5090 15734 45263
30200 31358 45281
41518 1073 45289
11503 34829 45293
32503 21457 45307
4133 25846 45317
33752 16810 45319
28383 20443 45329
23187 42029 45337
34701 29008 45341
35326 44625 45343
39528 6669 45361
18515 11080 45377
7871 17673 45389
18325 39474 45403
31217 30309 45413
12516 9893 45427
7458 33016 45433
30816 39601 45439
30204 21683 45481
2666 14524 45491
521 7652 45497
22925 35085 45503
8712 42405 45523
16093 36133 45533
28688 15896 45541
7957 8498 45553
24626 27123 45557
26115 34633 45569
15737 18440 45587
19353 44317 45589
24491 6536 45599
1377 30365 45613
11613 20866 45631
32598 36381 45641
31132 14907 45659
8565 25158 45667
31002 24902 45673
17617 417 45677
39198 18546 45691
27948 22835 45697
24784 14522 45707
2344 10632 45737
28382 18975 45751
7129 22807 45757
8772 19080 45763
10630 37564 45767
2738 23155 45779
12443 38225 45817
17630 27337 45821
9491 39893 45823
17964 31493 45827
4975 3249 45833
31254 28714 45841
30928 29265 45853
31121 43170 45863
25154 614 45869
45748 21569 45887
42365 13749 45893
38314 13777 45943
25704 5553 45949
7678 14939 45953
3981 16218 45959
18731 32356 45971
21540 2927 45979
45684 9335 45989
29472 21846 46021
44631 45091 46027
40446 20961 46049
17900 25580 46051
36465 9267 46061
18945 3773 46073
2308 20940 46091
42992 29555 46093
20907 15745 46099
44134 43543 46103
26577 20336 46133
9948 24490 46141
1233 44356 46147
31989 31710 46153
139 24595 46171
44685 9036 46181
16711 31212 46183
45069 12192 46187
11242 37294 46199
30873 35614 46219
3779 36838 46229
37984 16067 46237
13028 3723 46261
39900 16482 46271
33023 5169 46273
34665 42539 46279
9864 6242 46301
32649 24114 46307
12580 8290 46309
36662 27579 46327
38014 13381 46337
26007 21669 46349
22113 12835 46351
21003 19382 46381
4051 13953 46399
21424 42503 46411
24372 36266 46439
22559 6324 46441
46161 2902 46447
36473 6943 46451
12607 11915 46457
30954 17003 46471
11372 15940 46477
6945 27837 46489
4858 13088 46499
43774 502 46507
31829 45044 46511
43862 39843 46523
42966 9985 46549
26316 25466 46559
35281 8071 46567
38190 31417 46573
25978 1087 46589
13992 39653 46591
18310 45703 46601
26003 28073 46619
44553 32329 46633
32598 5204 46639
6126 33794 46643
11606 30589 46649
7109 35760 46663
42097 24042 46679
28255 22289 46681
18647 19792 46687
22455 31045 46691
21901 13880 46703
12828 40615 46723
39823 30481 46727
42460 2306 46747
9322 33174 46751
25841 41170 46757
5478 20268 46769
19958 19264 46771
1988 33440 46807
21694 25261 46811
31878 23592 46817
30931 21816 46819
7074 41047 46829
3651 11051 46831
8330 39677 46853
11832 26284 46861
23358 11343 46867
19833 8808 46877
41668 5015 46889
17496 1258 46901
11136 20234 46919
29443 20412 46933
35598 31473 46957
46473 21978 46993
13504 18937 46997
30888 46131 47017
12885 34942 47041
38612 18673 47051
11544 42191 47057
10450 1249 47059
34441 24058 47087
2661 42075 47093
16807 772 47111
14073 459 47119
9538 31800 47123
30040 26050 47129
43952 7747 47137
11873 39309 47143
13817 35597 47147
30685 19526 47149
11023 3597 47161
5750 7322 47189
41026 28499 47207
13206 41803 47221
38374 18332 47237
38475 4159 47251
27320 15275 47269
24382 1621 47279
6237 23019 47287
13082 12406 47293
2005 19859 47297
19649 13942 47303
45747 16652 47309
45236 3970 47317
31213 23985 47339
1833 37388 47351
20805 27016 47353
37942 29611 47363
28737 43892 47381
15822 24676 47387
8629 29191 47389
1745 31788 47407
6049 1340 47417
34441 39759 47419
23652 9488 47431
36373 42868 47441
36376 2453 47459
26997 37163 47491
10504 30288 47497
40160 37448 47501
10976 42558 47507
38346 16799 47513
25562 2620 47521
13315 29431 47527
9140 36339 47533
35479 29399 47543
19237 2957 47563
12231 88 47569
41403 13802 47581
11531 12196 47591
36774 37978 47599
30853 1857 47609
11443 38990 47623
33489 14137 47629
14590 39684 47639
4223 46849 47653
41153 9924 47657
33708 21033 47659
17317 17894 47681
33894 5928 47699
119 23467 47701
44564 11441 47711
32543 25148 47713
11320 38089 47717
11564 25658 47737
39126 1137 47741
19550 5768 47743
15766 36879 47777
5461 24781 47779
40035 31208 47791
18519 21810 47797
46225 9909 47807
35936 27698 47809
43326 33613 47819
13973 32050 47837
31015 41672 47843
22906 20987 47857
3010 3496 47869
12307 37845 47881
4947 11138 47903
38321 45945 47911
45208 21303 47917
44178 25890 47933
44305 19059 47939
37456 5852 47947
27401 4154 47951
12668 21453 47963
26989 2823 47969
31338 20028 47977
23920 24751 47981
11709 6842 48017
34842 5776 48023
27381 46960 48029
25184 21496 48049
27899 22934 48073
11967 4726 48079
32594 8838 48091
10952 26690 48109
14335 35187 48119
17351 45117 48121
34907 9541 48131
14249 1117 48157
4749 11065 48163
10715 35885 48179
10064 685 48187
8972 28666 48193
17290 22431 48197
1119 15153 48221
8345 33577 48239
20611 22250 48247
29167 17900 48259
42439 4537 48271
9171 18372 48281
2484 31722 48299
39398 41328 48311
18703 10311 48313
43721 8482 48337
1471 43202 48341
30124 34571 48353
32548 18369 48371
13683 4316 48383
36489 31624 48397
5834 40247 48407
48381 22577 48409
43742 44251 48413
182 40347 48437
32423 5325 48449
45596 5277 48463
17482 9473 48473
4420 37761 48479
24027 29458 48481
27432 33345 48487
2453 15312 48491
36597 38441 48497
3694 14126 48523
46171 19305 48527
36436 38053 48533
32532 44514 48539
10406 33671 48541
39964 16449 48563
23775 17273 48571
31518 25204 48589
37610 24885 48593
16441 26449 48611
19913 282 48619
2056 19787 48623
22765 34771 48647
14036 18425 48649
3019 43385 48661
18734 17228 48673
1440 47006 48677
44275 72 48679
10243 38782 48731
43132 36330 48733
27178 35630 48751
81 23998 48757
27775 27454 48761
42160 36274 48767
26256 27105 48779
9115 41637 48781
10913 16728 48787
15288 11521 48799
8143 22034 48809
12839 11516 48817
30322 41149 48821
8676 15804 48823
15998 16036 48847
44604 22144 48857
27223 36443 48859
46849 3045 48869
23707 39659 48871
45526 2350 48883
16390 1451 48889
41570 27674 48907
6380 24552 48947
15762 32124 48953
45186 36662 48973
38357 19606 48989
33299 31552 48991
44300 41361 49003
16518 47515 49009
23299 35665 49019
1948 38593 49031
11765 1142 49033
16970 41406 49037
24714 18570 49043
40141 35569 49057
47805 22325 49069
42111 18229 49081
42436 29825 49103
27093 32418 49109
23634 2871 49117
21120 10841 49121
35631 32041 49123
46875 14613 49139
37047 19315 49157
24719 8281 49169
14709 21801 49171
8749 4464 49177
5285 48120 49193
12857 2621 49199
35177 8470 49201
15982 24658 49207
46902 30545 49211
357 24470 49223
43394 47745 49253
11049 44094 49261
5997 28328 49277
17382 27299 49279
34996 30314 49297
34093 31326 49307
15228 37115 49331
23504 20187 49333
13431 43451 49339
48856 38978 49363
6731 30149 49367
4916 48408 49369
27208 12833 49391
43024 2314 49393
32528 14351 49409
16167 24482 49411
42584 34174 49417
25002 48320 49429
34307 42231 49433
12689 7412 49451
40013 16658 49459
5164 21130 49463
7640 10871 49477
43362 38237 49481
33000 18881 49499
31948 38238 49523
31719 41139 49529
26143 12547 49531
16724 37592 49537
13561 23140 49547
45759 21915 49549
29005 19316 49559
44697 4054 49597
35706 35986 49603
49325 43244 49613
39363 9227 49627
23248 31422 49633
11953 32075 49639
12991 24180 49663
46175 13647 49667
46056 11812 49669
9792 34398 49681
15642 47973 49697
45304 28580 49711
34780 42348 49727
6685 28478 49739
15200 48289 49741
9808 1909 49747
1415 47375 49757
36886 17647 49783
4417 39844 49787
17176 5930 49789
1188 5866 49801
12055 30740 49807
5607 14975 49811
46406 22928 49823
41601 6405 49831
18688 25914 49843
41907 30403 49853
36654 45464 49871
24687 9441 49877
441 32592 49891
46299 11636 49919
3268 10828 49921
20298 43744 49927
40896 39580 49937
39056 27304 49939
34223 21699 49943
5099 41879 49957
7434 17236 49991
9931 46893 49993
46543 42894 49999
1175 18163 50021
36255 23261 50023
47683 18912 50033
44836 37444 50047
15104 29225 50051
19466 37193 50053
37658 18546 50069
13441 2919 50077
22251 6175 50087
23203 26746 50093
8261 11913 50101
34173 14275 50111
8658 27268 50119
5490 20453 50123
11032 10010 50129
46530 32444 50131
34867 8360 50147
15042 41923 50153
7684 16057 50159
46083 12657 50177
31636 34423 50207
18247 24404 50221
39524 6897 50227
14566 26027 50231
36739 38916 50261
14066 38112 50263
48300 33911 50273
19222 1359 50287
34535 329 50291
20434 41489 50311
9871 16258 50321
41913 41938 50329
47758 48656 50333
33168 44674 50341
48410 36729 50359
4513 45073 50363
44605 2302 50377
17784 39394 50383
20529 15530 50387
33410 26291 50411
20981 19324 50417
26479 160 50423
49710 25948 50441
49503 4621 50459
21713 13721 50461
29166 19691 50497
29090 3232 50503
22634 48253 50513
4718 7230 50527
45882 27120 50539
5729 9058 50543
16722 24541 50549
26609 18320 50551
4205 43912 50581
47914 7669 50587
22674 18668 50591
23971 6372 50593
5480 20107 50599
2599 40537 50627
18603 48305 50647
16150 44685 50651
14845 27263 50671
44382 23853 50683
16906 39428 50707
8451 29873 50723
14280 39319 50741
33242 5450 50753
17053 2619 50767
32308 47441 50773
40626 33554 50777
45834 15205 50789
23467 11953 50821
24788 21582 50833
6182 26754 50839
47285 27399 50849
44607 40872 50857
43352 12337 50867
33195 49006 50873
39231 417 50891
39383 31769 50893
46153 9374 50909
13978 31144 50923
10729 35385 50929
14023 9152 50951
42741 48588 50957
16348 15956 50969
46407 13008 50971
13032 18534 50989
29197 23844 50993
26996 13378 51001
36667 15206 51031
44178 20141 51043
13669 38198 51047
24652 17059 51059
15544 24049 51061
45715 36534 51071
50968 1907 51109
48949 33558 51131
47493 48804 51133
20818 34799 51137
4575 19859 51151
22923 23577 51157
35831 15108 51169
20709 42919 51193
27711 11289 51197
6567 9720 51199
20540 120 51203
8031 38383 51217
2228 40539 51229
21150 21187 51239
30783 27711 51241
32510 31937 51257
30544 9662 51263
18292 3010 51283
21584 36807 51287
13846 51145 51307
27243 40477 51329
20779 3397 51341
25708 633 51343
41737 42134 51347
50611 29224 51349
42429 17477 51361
25497 5440 51383
9787 18837 51407
43885 35716 51413
34405 34734 51419
44312 44614 51421
13987 25005 51427
50553 41927 51431
46538 2012 51437
19660 34031 51439
37886 32020 51449
13886 29695 51461
2966 35419 51473
29779 19086 51479
3325 9677 51481
27451 17776 51487
42246 15552 51503
12468 26414 51511
37512 42584 51517
22797 10459 51521
18163 26200 51539
41701 20310 51551
653 27112 51563
45659 22086 51577
31585 38608 51581
197 2973 51593
32565 14685 51599
30681 50408 51607
41641 18348 51613
10676 20340 51631
8647 25396 51637
27029 26258 51647
50461 45802 51659
32443 4758 51673
7202 5288 51679
50837 43142 51683
37417 15979 51691
31833 42134 51713
38468 38427 51719
7635 2333 51721
37408 19927 51749
36616 23334 51767
42063 42356 51769
48918 30775 51787
43070 18858 51797
28756 25188 51803
19329 4174 51817
23353 7490 51827
35898 21618 51829
33445 13253 51839
44215 11275 51853
27390 42964 51859
44013 46474 51869
24920 14695 51871
13172 9385 51893
38264 31276 51899
7310 23207 51907
13155 18784 51913
33180 49080 51929
585 8503 51941
43451 51803 51949
35628 1887 51971
25611 29662 51973
13535 30919 51977
50238 40219 51991
41436 39747 52009
11757 12601 52021
16599 35332 52027
23320 23320 52051
44247 49817 52057
15021 2343 52067
2931 45589 52069
10913 1150 52081
24675 31862 52103
49197 39611 52121
43309 42940 52127
24212 33060 52147
24232 31698 52153
1768 3843 52163
16835 24864 52177
46913 21714 52181
24071 15792 52183
42097 25781 52189
38526 14892 52201
33817 3293 52223
6717 25238 52237
48752 47785 52249
41360 44560 52253
50166 11043 52259
38576 73 52267
31383 22059 52289
16234 15730 52291
22845 18668 52301
48790 27048 52313
21470 8400 52321
2695 36360 52361
13629 26859 52363
44999 40873 52369
44037 35099 52379
23608 40213 52387
21072 4035 52391
39927 32768 52433
45933 49722 52453
25109 13647 52457
46263 2682 52489
12442 18685 52501
38429 37263 52511
21267 38404 52517
22849 6184 52529
20276 28484 52541
26711 39668 52543
42149 4916 52553
48331 3201 52561
44482 47872 52567
31268 32748 52571
2789 39151 52579
16761 14603 52583
12640 47664 52609
23056 5445 52627
27153 11137 52631
15764 13686 52639
48735 43022 52667
10511 8440 52673
25189 7172 52691
13582 7633 52697
36088 33889 52709
39237 39124 52711
15441 22609 52721
10334 24904 52727
35910 7290 52733
48421 18682 52747
34667 35533 52757
10994 33420 52769
1076 24423 52783
47609 22210 52807
11988 32446 52813
29294 5665 52817
14636 14138 52837
52726 45635 52859
12475 38252 52861
7178 50938 52879
23411 35130 52883
13566 5484 52889
16287 34720 52901
4086 17989 52903
37522 32356 52919
17419 48934 52937
33854 20112 52951
29641 6743 52957
8534 125 52963
23944 1644 52967
43189 26414 52973
23881 15189 52981
22835 12461 52999
2104 48101 53003
36979 44231 53017
6454 22077 53047
12650 40567 53051
31291 26389 53069
35624 19427 53077
38250 43954 53087
8022 32449 53089
29218 43672 53093
25374 18913 53101
2431 1830 53113
3064 44070 53117
37167 45559 53129
20186 7989 53147
10534 11988 53149
40798 30632 53161
36316 33255 53171
4250 6699 53173
7684 30269 53189
45957 29119 53197
14980 37554 53201
12328 35247 53231
12531 12699 53233
49188 40792 53239
27491 11191 53267
16978 42131 53269
28072 49976 53279
19228 36543 53281
16234 5346 53299
24736 2570 53309
28060 45563 53323
14343 51853 53327
47809 45535 53353
33142 5091 53359
32057 23297 53377
22834 25219 53381
6239 7182 53401
29729 32979 53407
21678 17360 53411
23944 16380 53419
52057 28763 53437
33234 31333 53441
14310 19299 53453
41559 5532 53479
40015 5374 53503
15012 38298 53507
49995 23569 53527
51791 21516 53549
36844 1578 53551
28763 10660 53569
5559 529 53591
26799 24096 53593
42373 3205 53597
44963 20882 53609
44022 14950 53611
45320 20773 53617
36286 18949 53623
19013 30521 53629
34480 5820 53633
48138 42197 53639
30665 19482 53653
22580 8289 53657
9363 6832 53681
9594 36030 53693
8446 32206 53699
42409 19739 53717
15201 23596 53719
48561 32835 53731
24562 5480 53759
45615 4006 53773
13160 13679 53777
42888 45953 53783
28537 15646 53791
43804 8652 53813
8032 22893 53819
11995 14644 53831
33013 35036 53849
27409 34302 53857
12538 41448 53861
37010 10061 53881
15361 795 53887
39229 44530 53891
38388 34089 53897
38041 53731 53899
40659 25636 53917
47395 5921 53923
48858 18698 53927
25819 3170 53939
6072 8772 53951
38847 12412 53959
11347 42769 53987
3117 6527 53993
47209 41266 54001
30494 6023 54011
25103 45520 54013
51998 24859 54037
6987 49547 54049
27346 14368 54059
23961 17638 54083
24237 4388 54091
18503 37421 54101
34147 35856 54121
17524 11836 54133
40145 19628 54139
17360 44374 54151
22763 50933 54163
30828 51815 54167
13976 49545 54181
46028 19937 54193
41798 4841 54217
6274 1660 54251
50931 4152 54269
46250 7601 54277
14225 19852 54287
48532 17805 54293
26758 27777 54311
37556 6627 54319
52671 26289 54323
52463 44951 54331
19955 22508 54347
33626 12265 54361
20506 26692 54367
6141 27788 54371
36255 40166 54377
45497 23075 54401
40265 28792 54403
8471 38466 54409
39166 20625 54413
42408 29023 54419
37211 37120 54421
46536 40796 54437
1533 37399 54443
39301 11695 54449
30007 4012 54469
39636 33982 54493
25777 33739 54497
9332 6848 54499
26025 22017 54503
40349 40586 54517
42744 49154 54521
4867 27987 54539
25391 42336 54541
15993 50344 54547
10631 46585 54559
29914 51760 54563
16424 22083 54577
4250 980 54581
47975 8713 54583
9665 11254 54601
7183 1976 54617
36470 13982 54623
30390 30816 54629
43763 2133 54631
43460 18041 54647
29415 17633 54667
14312 40900 54673
49303 38798 54679
22974 1626 54709
52195 43952 54713
3485 40909 54721
8214 10031 54727
13069 14045 54751
13978 37380 54767
34494 45706 54773
1300 36401 54779
53330 17657 54787
36460 42409 54799
42611 42497 54829
40251 27746 54833
40327 22846 54851
31107 33543 54869
26364 52328 54877
42614 46456 54881
40812 8708 54907
32698 45304 54917
25794 46816 54919
47684 39777 54941
24699 5108 54949
52253 47329 54959
25130 23263 54973
44587 1668 54979
22571 20853 54983
18767 43139 55001
17308 51497 55009
1414 28928 55021
50926 19357 55049
2829 9931 55051
49694 18941 55057
48357 35111 55061
10745 27473 55073
17131 13510 55079
15929 24048 55103
46248 39324 55109
40162 15224 55117
5650 43863 55127
43412 27700 55147
22853 30157 55163
27358 12378 55171
26248 12985 55201
53131 794 55207
9631 19057 55213
27554 6640 55217
17952 17096 55219
36815 40990 55229
40790 32139 55243
11380 54979 55249
23096 24780 55259
5869 34979 55291
14935 16201 55313
23071 1420 55331
21414 1924 55333
33861 13548 55337
28861 20215 55339
1113 32948 55343
44545 20811 55351
41751 48820 55373
39658 23479 55381
2158 42473 55399
20578 8739 55411
32319 4002 55439
36755 18008 55441
37339 23587 55457
2533 24238 55469
41885 18192 55487
42092 28062 55501
53385 5818 55511
15645 29919 55529
3962 16751 55541
16923 44105 55547
17481 5117 55579
25559 15080 55589
34364 12755 55603
52371 33755 55609
12450 38407 55619
29368 25766 55621
53793 1918 55631
19331 5466 55633
8398 41464 55639
50709 50944 55661
26786 14027 55663
10286 46995 55667
27284 41937 55673
37366 2458 55681
10421 3919 55691
17518 46986 55697
21268 33006 55711
7975 50561 55717
1077 39081 55721
37664 8411 55733
54061 32442 55763
27652 28735 55787
6087 54537 55793
46819 8553 55799
38171 40993 55807
48878 26343 55813
2173 45936 55817
37675 17822 55819
25061 522 55823
5336 1215 55829
51308 42746 55837
54943 48580 55843
32680 38394 55849
36105 49903 55871
30200 21064 55889
35460 33589 55897
13555 47472 55901
50889 30974 55903
47222 27342 55921
45552 23634 55927
45747 17147 55931
30531 13436 55933
36229 26960 55949
39502 47771 55967
32761 19000 55987
48198 44835 55997
43681 25001 56003
16510 9024 56009
52588 48235 56039
20712 4214 56041
52614 12382 56053
55214 21892 56081
39425 32804 56087
8512 12584 56093
5638 22081 56099
26326 46274 56101
14604 28433 56113
38008 2404 56123
22493 12947 56131
50651 13883 56149
39739 19265 56167
29877 1298 56171
10487 17670 56179
21087 33660 56197
42398 24170 56207
43393 25602 56209
41398 571 56237
36103 18953 56239
20415 1539 56249
50138 40150 56263
21665 30654 56267
42569 27422 56269
11896 33090 56299
29591 44839 56311
31181 22548 56333
29019 41429 56359
17611 1244 56369
46276 15524 56377
16814 31779 56383
1250 48037 56393
9366 46537 56401
13780 7131 56417
11187 16719 56431
5552 38362 56437
44652 11996 56443
47341 51067 56453
43337 51130 56467
456 54476 56473
3065 26717 56477
2467 23518 56479
9128 16285 56489
53184 48372 56501
26160 44987 56503
29499 17391 56509
13241 6409 56519
47490 25007 56527
40405 30252 56531
29162 51919 56533
46274 26717 56543
22762 30305 56569
28215 19153 56591
4891 37919 56597
49558 5235 56599
34252 34990 56611
34323 45976 56629
26054 53070 56633
53326 12134 56659
21504 33770 56663
19130 19127 56671
51193 39405 56681
50260 35668 56687
39912 8232 56701
29479 24409 56711
44152 1033 56713
49648 18428 56731
23830 10192 56737
10820 4496 56747
6593 53687 56767
35298 16262 56773
54168 55828 56779
53858 6628 56783
21182 24295 56807
37291 28378 56809
6751 6530 56813
11449 32120 56821
30781 11967 56827
27927 24131 56843
48672 23498 56857
48753 25940 56873
42996 5981 56891
4529 33273 56893
46491 1416 56897
5438 53749 56909
32979 10532 56911
56032 36610 56921
35713 26639 56923
20432 50704 56929
39955 20934 56941
33175 14810 56951
26108 20353 56957
49142 30966 56963
56673 4213 56983
1129 48380 56989
23481 24633 56993
14329 30705 56999
38236 32682 57037
54200 1063 57041
7688 28474 57047
7097 25032 57059
11120 2863 57073
47469 7147 57077
54521 35527 57089
1013 40778 57097
31295 34060 57107
24467 44181 57119
46095 19452 57131
27800 13187 57139
12339 41779 57143
12869 8053 57149
32555 48713 57163
28684 11182 57173
1262 30739 57179
21523 11237 57191
31755 16047 57193
41387 19671 57203
26235 21545 57221
31325 14278 57223
4865 5719 57241
4999 14741 57251
27186 51970 57259
39909 41318 57269
43694 243 57271
37297 38460 57283
40890 6229 57287
33872 18753 57301
53268 49521 57329
14681 16137 57331
8821 3472 57347
46689 2107 57349
11087 3849 57367
50697 8784 57373
5076 14785 57383
22973 51279 57389
2735 53947 57397
40557 3198 57413
52252 1684 57427
30539 19987 57457
11802 12436 57467
5637 30007 57487
11576 26186 57493
55718 54208 57503
15837 32448 57527
29757 48574 57529
36332 25773 57557
56665 55784 57559
28740 52243 57571
36919 185 57587
33910 32882 57593
21737 9828 57601
8925 41949 57637
34345 19066 57641
55545 20418 57649
18491 48845 57653
49160 22733 57667
54215 48047 57679
41625 15603 57689
2684 32990 57697
32331 26348 57709
4907 1744 57713
45832 51345 57719
48616 50938 57727
32464 32945 57731
16173 37208 57737
27465 34982 57751
35793 35818 57773
5043 57276 57781
37883 15566 57787
48901 52751 57791
39710 39189 57793
50552 11694 57803
43937 9970 57809
25816 7579 57829
8189 17585 57839
45626 40732 57847
43220 53427 57853
27206 29326 57859
1607 20056 57881
552 16864 57899
34710 54084 57901
51846 51857 57917
32157 47278 57923
49818 52495 57943
7178 3646 57947
1843 1231 57973
53830 9784 57977
1547 38249 57991
4594 53578 58013
46679 50540 58027
25163 42782 58031
57306 45518 58043
1032 27436 58049
50562 13716 58057
38980 29863 58061
10830 17958 58067
57497 14358 58073
56194 45951 58099
26820 3626 58109
48683 3356 58111
32219 30695 58129
53278 36512 58147
22601 28762 58151
17378 56292 58153
26844 46375 58169
23827 48935 58171
17174 43782 58189
41449 44228 58193
40628 55081 58199
13522 23305 58207
4221 7229 58211
46918 49024 58217
5265 49241 58229
47206 12253 58231
32354 28913 58237
34079 27978 58243
171 47439 58271
49449 48695 58309
41075 1883 58313
43640 38273 58321
25799 48929 58337
10912 55606 58363
15202 28235 58367
50988 55117 58369
44901 36263 58379
26526 10434 58391
14499 35594 58393
21525 26779 58403
52688 26891 58411
37211 33103 58417
34942 18477 58427
21582 57896 58439
26377 40389 58441
22968 50581 58451
42722 8226 58453
34056 51923 58477
22558 54559 58481
18074 10026 58511
43720 23591 58537
6456 7862 58543
40155 5410 58549
42361 10142 58567
40326 31568 58573
39714 39142 58579
8823 32934 58601
41291 9781 58603
19516 34346 58613
40679 30829 58631
53711 2979 58657
613 17529 58661
18831 58087 58679
12194 31464 58687
10315 10449 58693
39974 5180 58699
19620 53376 58711
54272 33189 58727
31070 45397 58733
24082 14022 58741
53350 39772 58757
30053 6775 58763
12010 32917 58771
2297 8314 58787
38071 25288 58789
13420 48282 58831
44589 43661 58889
44149 23526 58897
55724 38018 58901
36282 53180 58907
5961 6018 58909
46268 34069 58913
34190 36342 58921
32733 20628 58937
12327 25204 58943
50732 7523 58963
49319 34760 58967
55737 45497 58979
31397 29435 58991
18247 9183 58997
14575 46565 59009
29752 58789 59011
2269 46064 59021
6498 53558 59023
58909 5105 59029
20306 3690 59051
31696 44723 59053
49624 52595 59063
13925 28548 59069
3926 55052 59077
13197 20260 59083
57915 711 59093
9291 26581 59107
12529 44522 59113
57811 16613 59119
48399 56657 59123
34446 8033 59141
44638 49783 59149
47295 3460 59159
35790 13346 59167
43082 43064 59183
6 26401 59197
39269 45457 59207
35605 41108 59209
29234 11214 59219
29203 10821 59221
36019 18806 59233
32504 11283 59239
32004 46735 59243
44724 41168 59263
10720 21104 59273
39802 30453 59281
35714 20651 59333
43662 35410 59341
1785 14000 59351
52959 22498 59357
36090 20214 59359
44308 59157 59369
3620 48939 59377
52716 48386 59387
20221 26075 59393
49320 19236 59399
56301 17812 59407
57303 7513 59417
14171 33416 59419
55499 34025 59441
49733 31506 59443
24404 35213 59447
41138 38281 59453
11900 38525 59467
55691 20293 59471
44816 2978 59473
28996 13686 59497
27091 54177 59509
31403 19604 59513
35677 26459 59539
34029 21862 59557
17597 18306 59561
7899 57586 59567
49962 57629 59581
30227 3110 59611
18937 39204 59617
37350 1172 59621
34071 13316 59627
44057 35915 59629
49465 6331 59651
33190 23830 59659
49009 1664 59663
51312 12733 59669
58296 39960 59671
404 51847 59693
25970 39077 59699
31651 41840 59707
51837 59503 59723
29936 13740 59729
46124 18435 59743
52773 36270 59747
39666 45621 59753
49973 39903 59771
50041 47835 59779
53139 18753 59791
53159 34307 59797
49188 59200 59809
54204 46173 59833
34390 7952 59863
33883 12831 59879
2068 31466 59887
7051 32919 59921
15382 53898 59929
33142 30403 59951
26856 58963 59957
20372 32266 59971
39293 55183 59981
28010 6736 59999
37161 50804 60013
45470 36904 60017
17941 2270 60029
8486 48268 60037
15230 18694 60041
35837 28507 60077
225 4110 60083
32346 36212 60089
46464 53322 60091
41895 27270 60101
50475 38622 60103
38601 13871 60107
6769 24883 60127
15175 11510 60133
8022 42743 60139
16527 11694 60149
55609 46852 60161
43239 60136 60167
55715 48119 60169
40056 44647 60209
50529 46350 60217
15610 9082 60223
15213 8819 60251
57300 12400 60257
15605 26556 60259
55834 21014 60271
4079 36012 60289
56371 52654 60293
18107 28223 60317
4942 28118 60331
32587 36058 60337
47018 9223 60343
28008 20120 60353
50507 24555 60373
53452 48622 60383
47450 29055 60397
38676 4105 60413
6829 17216 60427
51329 50931 60443
15820 43696 60449
15645 36917 60457
22745 1481 60493
52240 29887 60497
40474 1859 60509
32624 11965 60521
16121 46072 60527
39286 3691 60539
10021 11700 60589
1356 38303 60601
42005 3530 60607
33494 19295 60611
31408 18337 60617
36039 22238 60623
49585 22281 60631
55721 55949 60637
12748 17781 60647
22464 36383 60649
36854 11258 60659
10461 15136 60661
4926 49507 60679
18834 186 60689
6532 43464 60703
35152 11771 60719
46851 57644 60727
25539 24451 60733
3693 20912 60737
3972 52419 60757
3194 4853 60761
12694 11172 60763
9553 51981 60773
42465 17417 60779
12070 2586 60793
55550 57443 60811
6513 45618 60821
9854 25844 60859
50622 1272 60869
42718 26899 60887
9998 2752 60889
43628 44505 60899
28921 41962 60901
51284 18728 60913
53338 2812 60917
36360 46665 60919
29424 39154 60923
10861 54526 60937
51053 5208 60943
4711 45866 60953
32325 46482 60961
57761 27522 61001
34264 45210 61007
28609 55637 61027
36472 46744 61031
1625 49944 61043
5274 28273 61051
40207 22772 61057
23368 33449 61091
48239 40088 61099
9779 31083 61121
59254 39374 61129
44251 33495 61141
57517 24516 61151
12700 1215 61153
53235 60400 61169
31179 18767 61211
49062 56162 61223
40116 44508 61231
40347 21114 61253
12001 36205 61261
38153 8439 61283
31050 59321 61291
10289 45618 61297
40386 44978 61331
57064 10557 61333
58558 5935 61339
27855 25658 61343
47329 44284 61357
15018 19827 61363
28060 25052 61379
22373 46551 61381
1835 54754 61403
25276 25957 61409
49095 21546 61417
5761 5411 61441
40103 11651 61463
40758 13753 61469
11572 57290 61471
61325 39211 61483
5080 48424 61487
36210 13909 61493
21454 20777 61507
59925 35896 61511
57625 44699 61519
41800 150 61543
15961 51150 61547
16959 52505 61553
6061 47950 61559
12170 18141 61561
41465 54059 61583
6519 16214 61603
60230 3979 61609
23932 22441 61613
19790 175 61627
40884 47213 61631
41242 20257 61637
7037 34199 61643
25321 57603 61651
56797 25372 61657
39338 24637 61667
48649 25808 61673
51695 42752 61681
57226 49979 61687
12781 53259 61703
10877 56232 61717
45819 16423 61723
52769 10313 61729
22039 50139 61751
42431 7970 61757
30593 15928 61781
8044 61005 61813
44122 13308 61819
20157 60501 61837
10710 56030 61843
3735 1245 61861
4958 50467 61871
57934 4140 61879
13151 6480 61909
14735 53357 61927
12958 58390 61933
25932 1836 61949
8680 57357 61961
32515 42685 61967
1152 11548 61979
29974 27778 61981
56435 37495 61987
25684 33234 61991
31486 4892 62003
55698 36417 62011
39453 58683 62017
59943 36818 62039
49440 47690 62047
8993 669 62053
48278 1690 62057
32894 8344 62071
10731 38149 62081
62080 36030 62099
13394 5081 62119
56519 21558 62129
16024 38291 62131
50937 60438 62137
30630 54884 62141
6731 19787 62143
15511 33033 62171
46513 46334 62189
29625 19931 62191
13892 20467 62201
17165 54175 62207
51442 53323 62213
38412 15411 62219
20649 33900 62233
27132 3568 62273
36320 8532 62297
45376 53481 62299
37977 24269 62303
15389 28288 62311
24107 50571 62323
50708 12596 62327
16564 23795 62347
24088 53738 62351
27153 25148 62383
42396 3635 62401
13000 56418 62417
29807 27194 62423
42815 23239 62459
60955 46759 62467
3975 50579 62473
39150 55793 62477
36347 29655 62483
44472 59376 62497
60824 58295 62501
48885 16511 62507
16969 39970 62533
56936 38173 62539
62031 36366 62549
42989 19196 62563
21257 501 62581
48038 14993 62591
6256 1542 62597
49075 40585 62603
23141 58047 62617
46788 23896 62627
14627 44480 62633
32179 19569 62639
46757 57994 62653
29962 41929 62659
38005 1193 62683
9368 34010 62687
19652 15069 62701
35412 23463 62723
39327 59322 62731
49120 2213 62743
52473 6702 62753
45099 47655 62761
45978 3391 62773
17264 12756 62791
37620 43663 62801
21025 24422 62819
38715 32241 62827
19473 49876 62851
36583 44817 62861
60376 2352 62869
16940 24236 62873
51027 42369 62897
35081 45813 62903
38009 1879 62921
15947 54372 62927
53592 55450 62929
25508 34119 62939
4297 55267 62969
331 42001 62971
9125 25472 62981
5960 45856 62983
12877 59474 62987
41659 48770 62989
29066 19075 63029
34742 44261 63031
47467 30652 63059
40836 16030 63067
55577 42249 63073
2768 32875 63079
296 35403 63097
49842 62256 63103
27600 10519 63113
12858 47393 63127
12948 28422 63131
38304 952 63149
62606 23352 63179
21827 40931 63197
29156 39456 63199
31978 24654 63211
61669 15112 63241
21480 58652 63247
27991 45534 63277
15488 47599 63281
34383 41383 63299
22009 53655 63311
3895 37362 63313
21973 18038 63317
10163 11079 63331
30693 11203 63337
15650 47184 63347
60021 21907 63353
3120 59368 63361
39092 7817 63367
44539 56322 63377
36041 43255 63389
7040 62824 63391
51067 8742 63397
35215 42567 63409
28757 22226 63419
46002 53108 63421
47413 58240 63439
25497 31405 63443
29429 54377 63463
27904 24355 63467
36012 6010 63473
24058 48234 63487
49030 7930 63493
1583 47916 63499
4645 39013 63521
19126 39212 63527
41486 50188 63533
25986 16553 63541
1573 34388 63559
57146 52396 63577
29021 4265 63587
1289 15156 63589
46208 27979 63599
10728 9514 63601
52017 31754 63607
45853 9098 63611
28040 39470 63617
26911 19233 63629
